            height 
lat   lon   000.0 001.0 002.0 003.0 004.0 005.0 006.0 007.0 008.0 009.0 010.0 011.0 012.0 013.0 014.0 015.0 016.0 017.0 018.0 019.0 020.0 021.0 022.0 023.0 024.0 025.0 026.0 027.0 028.0 029.0 030.0 031.0 032.0 033.0 034.0 035.0 036.0 037.0 038.0 039.0 040.0 041.0 042.0 043.0 044.0 045.0 046.0 047.0 048.0 049.0 050.0 051.0 052.0 053.0 054.0 055.0 056.0 057.0 058.0 059.0 060.0 061.0 062.0 063.0 064.0 065.0 066.0 067.0 068.0 069.0 070.0 071.0 072.0 073.0 074.0 075.0 076.0 077.0 078.0 079.0 080.0 081.0 082.0 083.0 084.0 085.0 086.0 087.0 088.0 089.0 090.0 091.0 092.0 093.0 094.0 095.0 096.0 097.0 098.0 099.0 100.0 
038.0 061.8 450.5 450.8 451.3 451.0 450.3 449.7 450.0 451.3 453.4 452.7 450.9 447.1 442.4 436.1 427.3 415.8 401.3 384.1 363.8 340.7 315.2 288.7 260.3 233.8 210.5 189.2 170.0 153.3 137.0 122.5 109.2 097.8 087.6 078.5 070.9 064.5 058.9 054.1 049.9 046.3 043.1 040.5 038.3 036.2 034.3 032.9 031.6 030.6 029.5 028.6 027.8 027.1 026.6 026.0 025.6 025.2 024.7 024.5 024.3 023.9 023.6 023.4 023.2 023.2 023.0 022.7 022.5 022.4 022.3 022.2 022.1 022.2 022.0 022.0 022.0 021.7 021.8 021.8 021.8 021.8 021.7 021.8 021.8 021.6 021.7 021.7 021.5 021.6 021.7 021.6 021.6 021.5 021.6 021.5 021.6 021.6 021.6 021.4 021.6 021.4 021.5 
039.0 062.0 434.2 435.1 435.8 437.0 437.7 439.1 441.0 443.4 447.8 449.5 447.8 445.4 441.2 435.2 426.8 415.7 401.6 383.8 363.4 340.7 315.2 288.4 261.1 234.9 210.5 189.2 170.1 153.1 137.3 122.4 109.6 098.4 088.1 079.0 071.0 064.6 059.1 054.3 050.1 046.5 043.4 040.6 038.1 036.3 034.3 032.8 031.5 030.4 029.3 028.6 027.8 027.1 026.5 026.1 025.5 025.2 024.7 024.4 024.0 023.8 023.7 023.4 023.1 023.0 022.8 022.7 022.6 022.5 022.4 022.3 022.3 022.2 022.0 022.0 021.9 021.8 021.8 021.8 021.7 021.8 021.6 021.5 021.5 021.5 021.6 021.6 021.5 021.4 021.4 021.5 021.5 021.5 021.5 021.4 021.5 021.4 021.3 021.3 021.4 021.4 021.3 
040.0 062.2 427.3 428.8 430.4 431.7 434.0 436.8 439.0 442.8 449.7 454.9 454.7 453.7 451.1 445.9 437.8 426.5 412.0 394.4 373.7 350.8 324.8 297.2 269.1 241.8 216.9 194.6 174.3 157.0 141.1 125.9 112.0 100.2 089.8 080.4 072.2 065.7 060.1 055.0 050.7 047.0 043.8 041.2 038.7 036.6 034.7 033.1 031.8 030.5 029.6 028.8 027.8 027.1 026.5 026.2 025.6 025.1 024.8 024.4 024.2 023.9 023.8 023.5 023.1 023.0 022.9 022.7 022.7 022.4 022.3 022.2 022.1 022.2 022.0 022.0 021.9 021.9 021.8 021.7 021.7 021.7 021.7 021.6 021.7 021.6 021.6 021.6 021.5 021.5 021.4 021.6 021.5 021.5 021.4 021.5 021.4 021.5 021.6 021.6 021.4 021.4 021.4 
041.0 062.3 425.3 427.6 430.2 432.5 435.1 436.3 437.3 441.5 454.1 464.0 463.9 463.2 460.3 454.3 445.3 433.3 417.9 400.3 380.0 357.7 330.4 301.5 272.7 245.3 220.1 196.0 174.5 157.0 141.3 126.5 112.6 100.2 089.8 080.7 072.5 066.2 060.5 055.5 051.0 047.4 044.1 041.4 038.9 036.7 034.8 033.3 032.0 030.7 029.7 028.8 028.0 027.1 026.7 026.1 025.6 025.3 024.9 024.4 024.1 023.9 023.6 023.4 023.2 023.0 022.9 022.7 022.6 022.4 022.2 022.2 022.0 021.9 021.9 021.9 021.8 021.8 021.7 021.7 021.6 021.6 021.5 021.5 021.6 021.4 021.4 021.4 021.3 021.4 021.3 021.4 021.4 021.2 021.1 021.2 021.3 021.2 021.2 021.2 021.2 021.2 021.3 
042.0 062.5 425.6 426.8 427.1 427.0 427.5 429.2 432.0 438.3 449.7 460.2 462.6 463.0 460.9 455.0 446.3 434.8 420.6 403.9 384.2 361.5 334.6 306.1 277.7 250.7 224.8 199.8 177.7 158.6 142.2 127.9 114.1 101.7 090.9 081.7 073.5 066.7 061.0 056.1 051.4 047.8 044.6 041.6 039.2 037.0 035.3 033.7 032.2 030.9 030.0 029.0 028.2 027.4 026.9 026.2 025.8 025.3 025.1 024.5 024.3 024.0 023.6 023.5 023.2 023.1 022.9 022.8 022.6 022.6 022.3 022.2 022.2 022.1 022.2 022.0 021.9 021.9 021.9 021.8 021.7 021.8 021.6 021.6 021.6 021.6 021.6 021.6 021.5 021.6 021.5 021.5 021.5 021.6 021.4 021.5 021.4 021.4 021.5 021.5 021.5 021.4 021.4 
043.0 062.7 423.4 424.0 424.7 425.4 426.6 429.3 433.0 438.8 443.0 443.8 442.8 442.3 438.8 431.9 422.5 410.0 394.5 376.9 358.6 337.3 312.2 286.0 261.2 237.2 212.4 188.8 168.4 150.5 134.2 120.5 108.4 097.0 087.3 078.4 070.8 064.4 059.0 054.1 050.0 046.3 043.2 040.5 038.3 036.2 034.4 032.8 031.6 030.4 029.4 028.4 027.7 027.0 026.4 026.0 025.3 024.9 024.6 024.1 023.8 023.7 023.3 023.1 023.0 022.7 022.5 022.4 022.4 022.3 022.1 022.0 022.0 021.8 021.9 021.7 021.6 021.6 021.5 021.6 021.5 021.4 021.4 021.4 021.4 021.3 021.3 021.3 021.3 021.2 021.4 021.2 021.3 021.2 021.2 021.2 021.2 021.2 021.2 021.3 021.3 021.1 021.1 
044.0 062.9 437.6 438.7 439.7 440.1 440.3 440.9 440.4 440.5 438.8 437.9 435.5 433.5 430.5 423.1 412.8 400.1 385.9 370.3 352.1 330.7 307.9 284.5 260.0 234.3 208.8 186.9 168.1 148.7 131.4 118.0 107.1 096.1 085.7 077.2 070.2 064.5 058.5 053.5 049.5 046.2 042.9 040.3 037.9 035.9 034.3 032.6 031.4 030.4 029.3 028.4 027.8 026.8 026.3 026.0 025.4 024.9 024.5 024.3 023.9 023.8 023.3 023.2 022.9 022.8 022.7 022.6 022.4 022.3 022.3 022.2 021.9 021.9 022.0 021.7 021.8 021.9 021.6 021.6 021.6 021.6 021.6 021.6 021.4 021.4 021.5 021.4 021.3 021.3 021.2 021.4 021.4 021.3 021.3 021.3 021.4 021.2 021.2 021.3 021.3 021.3 021.3 
045.0 063.1 432.4 433.9 435.4 436.0 436.2 435.4 434.7 434.5 434.1 432.4 430.8 427.3 422.7 417.2 406.1 394.9 381.4 366.6 348.0 327.1 304.6 281.6 257.9 231.7 205.5 183.2 164.5 146.0 129.1 115.7 104.4 094.0 084.0 076.0 069.4 063.8 058.0 052.9 049.1 045.8 042.8 040.1 037.8 035.7 034.2 032.4 031.4 030.2 029.2 028.3 027.6 027.0 026.4 025.9 025.3 025.1 024.6 024.3 023.9 023.8 023.5 023.3 023.2 022.8 022.8 022.6 022.5 022.2 022.3 022.2 022.1 022.0 022.0 022.1 021.9 021.8 021.8 021.9 021.7 021.7 021.6 021.7 021.6 021.5 021.8 021.5 021.6 021.6 021.5 021.5 021.6 021.5 021.4 021.5 021.4 021.5 021.4 021.5 021.4 021.6 021.4 
046.0 063.4 433.0 434.2 435.1 436.3 436.8 436.6 436.4 435.5 434.1 432.8 430.0 425.8 419.3 413.1 404.5 390.9 376.0 360.7 343.1 322.6 299.1 275.2 252.5 228.0 201.3 177.2 157.6 141.7 127.2 113.4 101.8 091.5 082.6 074.8 068.1 062.1 056.9 052.5 048.5 045.1 042.2 039.7 037.3 035.4 033.6 032.2 031.0 030.0 028.9 028.1 027.5 026.8 026.3 025.6 025.2 024.9 024.6 024.2 023.9 023.6 023.4 023.2 023.0 022.8 022.6 022.6 022.5 022.4 022.2 022.2 021.9 022.0 021.9 021.9 021.8 021.7 021.7 021.7 021.8 021.6 021.6 021.7 021.6 021.5 021.5 021.5 021.4 021.5 021.5 021.4 021.5 021.4 021.4 021.3 021.4 021.4 021.4 021.4 021.4 021.4 021.1 
047.0 063.6 424.2 425.2 426.0 426.5 426.5 426.3 426.1 425.7 425.2 423.5 421.0 417.1 410.4 402.6 392.7 380.4 368.0 353.0 335.3 315.0 293.5 271.8 248.4 222.3 195.6 173.7 154.9 138.4 124.1 111.4 099.9 090.1 081.3 073.8 067.3 061.6 056.3 052.0 048.1 044.9 041.9 039.4 037.2 035.2 033.5 032.2 031.0 029.9 028.9 028.1 027.6 026.7 026.2 025.8 025.3 024.8 024.5 024.2 024.0 023.7 023.5 023.2 023.1 023.0 022.8 022.6 022.6 022.4 022.3 022.3 022.1 022.2 022.0 021.9 021.9 021.9 022.0 021.9 021.7 021.8 021.8 021.6 021.6 021.7 021.6 021.5 021.6 021.5 021.5 021.5 021.7 021.5 021.6 021.5 021.4 021.6 021.5 021.5 021.5 021.4 021.5 
048.0 063.8 416.1 417.0 416.9 416.8 416.9 416.5 415.9 415.2 414.5 412.4 409.1 404.2 397.9 390.6 382.3 371.9 359.7 345.5 327.8 307.5 285.9 263.7 239.5 214.6 191.5 170.4 151.8 135.3 121.3 108.7 097.9 088.3 080.2 072.7 066.3 060.7 055.8 051.6 047.8 044.5 041.5 039.2 037.0 035.0 033.5 032.1 030.8 029.7 028.5 028.1 027.3 026.8 026.2 025.7 025.2 024.9 024.5 024.2 024.1 023.5 023.4 023.2 023.1 022.9 022.8 022.6 022.5 022.4 022.1 022.2 022.1 022.0 022.1 022.0 021.8 021.8 021.7 021.8 021.8 021.6 021.7 021.6 021.4 021.4 021.6 021.5 021.5 021.5 021.4 021.5 021.4 021.5 021.4 021.4 021.4 021.3 021.3 021.3 021.3 021.2 021.3 
049.0 064.1 409.9 409.9 410.5 410.7 410.7 410.7 410.7 410.2 409.9 409.9 409.1 406.3 401.9 395.9 387.1 375.6 362.8 348.3 331.8 312.3 290.8 267.5 243.3 220.0 198.3 176.8 156.9 140.3 125.5 112.1 100.7 090.6 082.3 074.8 068.2 062.3 057.3 052.7 048.8 045.5 042.7 040.0 037.9 036.1 034.2 032.7 031.5 030.3 029.5 028.6 027.8 027.1 026.5 026.1 025.4 025.2 024.8 024.5 024.1 023.9 023.7 023.4 023.2 023.1 023.0 022.8 022.7 022.5 022.6 022.3 022.2 022.1 022.1 022.1 021.9 022.1 022.0 021.9 021.8 021.8 021.7 021.8 021.8 021.8 021.8 021.6 021.7 021.7 021.6 021.6 021.7 021.6 021.7 021.6 021.6 021.5 021.6 021.5 021.5 021.5 021.6 
050.0 064.4 438.2 435.9 436.6 436.6 437.9 437.2 436.4 434.6 433.2 432.4 431.0 427.2 422.2 414.7 405.4 393.8 380.4 364.8 346.3 324.9 301.0 276.9 252.1 227.6 203.9 181.2 161.7 144.3 128.9 114.8 102.7 092.8 084.1 076.2 069.3 063.4 058.2 053.5 049.4 046.2 043.0 040.5 038.1 036.2 034.3 033.0 031.6 030.5 029.5 028.8 027.9 027.1 026.7 026.1 025.5 025.2 024.8 024.4 024.2 023.9 023.7 023.5 023.1 023.0 022.8 022.8 022.7 022.6 022.5 022.4 022.2 022.2 022.0 022.1 022.0 021.9 021.9 021.9 021.8 021.9 021.9 021.8 021.7 021.7 021.7 021.7 021.6 021.7 021.8 021.7 021.7 021.5 021.6 021.5 021.5 021.6 021.5 021.5 021.5 021.5 021.4 
051.0 064.7 516.2 511.2 507.2 503.9 500.1 496.1 491.0 485.3 481.3 475.2 469.8 463.1 456.2 446.4 435.2 421.3 406.5 386.9 366.3 342.1 316.7 290.3 263.9 237.5 213.0 189.6 168.4 149.4 133.2 118.9 106.5 095.9 086.6 078.5 071.5 065.2 059.7 054.8 050.7 047.0 043.8 041.3 038.9 036.7 034.9 033.5 032.0 030.9 030.0 029.0 028.1 027.5 026.9 026.4 025.7 025.3 024.9 024.6 024.3 024.1 023.8 023.4 023.3 023.1 023.0 022.9 022.7 022.6 022.4 022.4 022.3 022.2 022.2 022.1 022.0 022.0 022.1 021.9 021.8 021.8 021.8 021.6 021.7 021.8 021.5 021.7 021.5 021.7 021.7 021.6 021.5 021.7 021.5 021.5 021.6 021.6 021.7 021.6 021.5 021.5 021.5 
052.0 065.0 586.4 579.7 575.3 568.9 562.7 557.3 552.0 547.4 540.3 535.7 532.2 524.7 517.6 508.2 499.2 481.6 464.2 444.2 416.5 388.1 359.1 327.2 297.6 267.9 238.6 211.9 188.7 166.9 146.9 131.1 117.6 104.9 094.4 085.6 077.0 070.4 064.3 059.0 054.1 050.3 046.7 043.5 040.7 038.6 036.5 034.7 033.4 031.9 030.8 029.8 029.0 028.0 027.5 027.0 026.3 025.8 025.4 024.9 024.8 024.3 024.2 023.7 023.6 023.4 023.3 022.9 023.0 022.8 022.6 022.6 022.5 022.5 022.3 022.3 022.1 022.2 022.1 022.1 022.0 022.0 022.0 021.8 022.0 021.9 021.9 021.8 021.9 021.9 021.8 021.9 021.7 021.8 021.9 021.7 021.7 021.7 021.8 021.7 021.5 021.6 021.7 
053.0 065.3 599.7 598.8 597.4 597.6 597.4 597.7 597.5 595.9 594.2 592.8 589.6 585.1 578.7 569.1 556.2 540.4 521.0 495.8 466.8 432.8 398.3 363.0 328.7 295.8 263.9 233.6 206.8 182.1 160.9 142.9 127.5 113.6 102.2 091.9 083.0 075.1 068.5 062.7 057.3 053.0 049.0 045.6 042.7 040.2 037.9 036.0 034.4 032.9 031.8 030.6 029.6 028.6 028.0 027.3 026.6 026.1 025.7 025.3 025.0 024.6 024.3 024.1 023.8 023.6 023.2 023.1 023.0 022.9 022.7 022.7 022.5 022.4 022.4 022.3 022.3 022.2 022.1 022.2 022.1 022.1 022.0 022.0 022.0 022.0 021.8 022.1 021.9 021.8 021.8 021.9 021.7 021.7 021.9 021.7 021.8 021.8 021.7 021.7 021.5 021.7 021.7 
054.0 065.7 604.5 599.5 596.0 597.7 598.6 598.6 597.7 594.9 593.2 591.2 587.2 582.5 575.4 565.7 552.4 535.5 514.5 490.3 461.0 427.0 392.8 358.1 324.3 291.8 260.5 231.2 204.1 180.1 159.8 142.3 126.7 113.2 101.6 091.4 082.5 074.8 068.2 062.4 057.2 052.9 049.0 045.6 042.7 040.0 037.8 036.0 034.4 032.9 031.6 030.5 029.6 028.7 028.0 027.3 026.6 026.2 025.7 025.2 024.9 024.5 024.3 023.9 023.9 023.5 023.3 023.3 023.0 022.9 022.8 022.8 022.6 022.5 022.4 022.3 022.4 022.2 022.2 022.1 022.2 022.1 022.1 022.0 021.9 021.9 022.1 021.9 021.9 021.8 021.9 021.8 021.9 021.8 021.7 021.8 021.7 021.8 021.8 021.8 021.8 021.7 021.9 
055.0 066.1 615.0 615.3 616.8 616.8 617.1 617.3 617.9 617.9 617.2 613.9 608.7 603.6 597.1 587.3 573.9 556.7 536.2 508.5 477.4 442.0 406.5 370.2 334.5 300.5 269.4 239.2 210.6 185.0 164.2 145.8 129.5 116.0 103.8 093.4 084.4 076.4 069.5 063.5 058.1 053.5 049.6 046.1 043.0 040.5 038.3 036.3 034.7 033.1 031.8 030.6 029.8 028.9 028.1 027.4 026.8 026.3 025.8 025.3 025.0 024.7 024.5 024.0 023.8 023.5 023.4 023.3 023.2 023.1 022.7 022.7 022.5 022.6 022.4 022.3 022.2 022.2 022.2 022.2 022.2 022.1 022.1 021.9 022.1 022.0 021.9 022.0 021.9 022.0 021.8 021.8 021.8 021.8 021.8 021.7 021.8 021.7 021.8 021.8 021.7 021.7 021.7 
056.0 066.5 633.2 634.9 635.6 635.7 635.4 635.1 635.0 635.3 632.8 629.2 626.1 621.2 614.5 603.4 589.0 571.1 549.0 521.9 489.0 453.4 416.2 378.7 341.6 306.6 274.3 244.0 215.3 189.0 167.4 148.3 131.9 117.8 105.4 094.7 085.5 077.4 070.5 064.2 058.8 054.1 049.9 046.5 043.5 040.8 038.5 036.6 035.1 033.4 032.1 031.1 029.9 028.9 028.2 027.5 026.9 026.4 025.9 025.3 025.0 024.8 024.4 024.2 024.0 023.6 023.4 023.4 023.2 022.9 023.0 022.8 022.5 022.4 022.4 022.4 022.1 022.2 022.1 022.0 022.0 022.0 021.9 022.0 022.0 021.8 021.9 021.9 021.8 021.8 021.7 021.7 021.6 021.7 021.7 021.7 021.6 021.6 021.6 021.6 021.5 021.5 021.5 
057.0 066.9 576.2 579.7 586.1 588.7 590.6 592.1 593.8 596.5 596.8 597.7 598.2 597.8 593.8 584.4 571.4 554.7 533.6 507.1 476.4 442.7 407.5 371.6 336.2 302.3 269.8 239.9 212.4 187.7 165.9 147.1 130.8 116.7 104.5 093.8 084.5 076.6 069.5 063.6 058.5 053.6 049.6 046.2 043.3 040.6 038.4 036.5 034.9 033.4 032.0 030.9 029.8 029.0 028.2 027.4 026.8 026.4 025.9 025.4 025.0 024.7 024.3 023.9 023.9 023.7 023.4 023.2 023.1 022.8 022.8 022.7 022.7 022.5 022.4 022.4 022.2 022.3 022.3 022.1 022.1 022.1 022.0 022.0 021.9 021.9 021.9 021.8 021.9 021.9 021.9 021.9 021.8 021.7 021.8 021.7 021.6 021.6 021.9 021.6 021.7 021.7 021.6 
058.0 067.4 564.4 570.2 576.2 582.4 589.0 592.3 593.5 596.3 599.6 601.2 600.5 598.2 591.1 581.2 566.5 549.2 527.3 500.7 470.9 438.5 403.8 368.0 333.3 299.3 267.1 237.3 210.0 185.5 163.8 145.4 129.1 115.2 103.2 092.7 083.4 075.3 068.6 062.7 057.5 052.9 049.0 045.6 042.7 040.3 038.0 036.1 034.5 033.1 031.6 030.6 029.6 028.6 027.9 027.3 026.6 026.1 025.6 025.3 024.8 024.6 024.2 024.0 023.7 023.5 023.3 023.2 022.9 022.9 022.7 022.8 022.5 022.3 022.4 022.3 022.2 022.3 022.1 022.0 022.1 022.0 022.0 022.0 022.0 021.8 021.9 021.9 021.8 021.9 021.8 021.8 021.7 021.7 021.7 021.7 021.8 021.6 021.7 021.7 021.7 021.4 021.6 
059.0 067.9 598.6 601.7 608.6 610.2 611.8 613.1 613.8 612.8 610.3 606.0 599.5 593.0 584.6 572.9 558.4 540.5 518.0 491.2 461.0 428.0 394.1 359.6 325.3 292.1 261.0 232.5 205.9 182.4 161.8 143.6 127.8 114.1 102.1 091.6 082.6 074.5 067.8 062.0 056.8 052.4 048.6 045.3 042.4 040.1 038.0 035.9 034.3 033.0 031.6 030.5 029.5 028.5 027.9 027.3 026.5 026.2 025.6 025.1 024.7 024.5 024.2 024.0 023.7 023.3 023.2 023.1 022.8 022.8 022.7 022.6 022.5 022.5 022.1 022.4 022.2 022.2 022.0 022.1 022.0 022.0 022.0 022.0 021.7 021.9 021.8 021.7 021.8 021.8 021.7 021.7 021.8 021.7 021.6 021.7 021.6 021.7 021.7 021.7 021.6 021.7 021.5 
060.0 068.4 599.4 599.2 602.2 610.4 613.0 608.1 605.0 604.4 605.2 604.1 599.1 592.0 584.4 573.8 559.6 541.8 520.4 494.2 463.6 429.9 395.6 360.6 326.7 293.8 261.7 232.6 206.0 182.0 161.1 143.0 127.5 114.1 102.1 091.4 082.3 074.4 067.6 061.8 056.8 052.3 048.4 045.1 042.3 039.7 037.8 035.9 034.1 032.7 031.5 030.3 029.4 028.5 027.7 027.2 026.3 026.1 025.6 025.1 024.7 024.3 024.0 023.8 023.6 023.3 023.1 023.1 022.9 022.8 022.6 022.6 022.3 022.4 022.3 022.2 022.1 022.1 021.9 021.9 021.9 022.0 021.9 021.9 021.8 021.7 021.8 021.8 021.7 021.7 021.7 021.8 021.6 021.8 021.7 021.6 021.6 021.6 021.6 021.6 021.5 021.6 021.7 
061.0 069.0 589.2 596.1 598.5 594.5 591.9 592.8 591.8 591.5 592.4 592.0 588.7 583.3 577.2 567.7 554.5 538.1 516.5 489.9 459.5 426.8 392.4 358.1 324.3 291.4 259.6 230.6 204.8 181.2 160.1 142.5 126.7 113.3 101.3 090.9 081.7 074.0 067.1 061.5 056.4 051.8 048.0 044.8 042.0 039.5 037.3 035.5 033.9 032.6 031.2 030.2 029.2 028.4 027.6 026.8 026.4 025.9 025.4 025.1 024.6 024.4 024.0 023.8 023.6 023.5 023.2 023.0 022.8 022.7 022.6 022.5 022.4 022.2 022.2 022.2 022.0 022.0 021.9 021.9 021.9 021.9 021.9 021.9 021.8 021.7 021.8 021.7 021.8 021.7 021.6 021.7 021.6 021.6 021.6 021.6 021.6 021.6 021.7 021.5 021.6 021.7 021.5 
062.0 069.6 563.3 566.4 566.4 565.6 565.8 564.7 561.8 561.2 561.4 561.8 559.6 556.3 551.3 544.4 534.2 519.4 499.7 475.3 446.4 414.3 381.0 347.1 313.2 281.8 250.8 223.0 199.4 178.7 158.5 140.5 124.8 111.2 099.4 088.9 080.1 072.3 065.5 060.0 055.2 051.2 047.7 044.7 041.7 039.3 037.2 035.3 033.8 032.3 031.2 030.1 029.2 028.2 027.5 027.1 026.4 025.9 025.6 025.0 024.7 024.3 024.1 023.8 023.6 023.3 023.1 023.0 023.0 022.7 022.6 022.5 022.5 022.4 022.2 022.2 022.2 022.0 022.1 022.0 021.8 021.9 021.9 021.9 021.9 021.8 021.9 021.8 021.8 021.8 021.8 021.7 021.7 021.8 021.8 021.7 021.7 021.8 021.7 021.6 021.7 021.6 021.6 
063.0 070.3 533.5 535.9 540.3 542.7 544.5 547.8 551.1 550.4 550.1 549.8 548.0 544.9 540.5 532.9 522.7 507.8 488.9 464.5 436.6 405.8 373.5 340.9 309.0 277.7 248.3 219.7 194.7 172.7 153.3 136.7 121.7 108.4 097.3 087.4 078.7 071.3 064.9 059.6 054.8 050.5 046.8 043.6 040.8 038.6 036.6 034.9 033.2 032.0 030.7 029.8 028.9 028.1 027.4 026.7 026.3 025.6 025.2 024.8 024.4 024.2 024.1 023.8 023.5 023.4 023.2 023.0 022.8 022.7 022.6 022.4 022.5 022.3 022.3 022.2 022.2 022.1 022.0 022.0 022.0 022.0 022.0 021.8 021.8 021.9 021.9 021.7 021.7 021.8 021.7 021.8 021.8 021.8 021.6 021.7 021.7 021.7 021.6 021.6 021.6 021.7 021.6 
064.0 071.0 534.8 533.0 531.4 530.5 528.1 526.2 527.1 530.8 530.0 526.6 523.4 520.4 515.7 509.3 499.4 485.2 467.4 445.1 419.1 390.6 360.4 328.8 297.4 267.2 238.4 211.2 187.5 167.0 148.4 132.3 118.0 105.4 094.6 085.1 076.9 069.5 063.1 057.8 053.3 049.3 045.7 042.8 040.0 037.9 036.0 034.3 032.9 031.5 030.5 029.5 028.5 027.7 027.1 026.6 025.9 025.5 025.0 024.7 024.4 024.1 023.9 023.6 023.5 023.2 023.0 022.7 022.8 022.7 022.4 022.4 022.1 022.2 022.1 022.1 022.1 022.0 021.9 022.0 021.8 021.9 021.8 021.8 021.8 021.7 021.7 021.8 021.8 021.7 021.8 021.7 021.7 021.7 021.7 021.7 021.6 021.6 021.5 021.6 021.6 021.6 021.6 
065.0 071.8 529.4 526.0 524.1 521.7 521.2 520.4 523.0 524.6 525.2 523.3 521.0 516.9 512.1 504.7 494.7 480.2 462.0 439.8 414.3 385.3 355.0 324.1 293.2 263.8 235.1 208.7 185.0 164.7 146.6 130.3 116.5 104.1 093.3 083.9 075.8 068.8 062.7 057.3 052.6 048.8 045.2 042.4 039.9 037.5 035.7 034.1 032.5 031.4 030.2 029.3 028.5 027.7 027.0 026.4 025.8 025.5 025.0 024.7 024.4 024.0 023.9 023.5 023.3 023.1 023.0 022.8 022.6 022.5 022.4 022.4 022.3 022.2 022.2 022.2 022.1 022.1 021.9 021.9 021.8 021.9 021.8 021.8 021.9 021.8 021.7 021.8 021.7 021.8 021.7 021.6 021.6 021.6 021.6 021.5 021.5 021.6 021.6 021.6 021.5 021.5 021.4 
066.0 072.7 543.7 545.0 546.1 545.7 546.1 545.4 543.6 542.1 539.7 537.1 531.4 523.9 516.1 506.6 494.2 478.3 458.0 434.6 408.8 379.3 348.9 318.6 288.5 259.1 231.7 205.5 181.7 161.3 143.8 128.5 114.7 102.3 091.8 082.7 074.5 067.8 061.8 056.4 052.0 048.2 044.8 041.8 039.4 037.1 035.4 033.7 032.3 031.2 030.0 029.2 028.3 027.5 026.8 026.3 025.9 025.3 025.0 024.6 024.3 024.0 023.6 023.5 023.3 023.1 022.8 022.8 022.7 022.6 022.4 022.3 022.4 022.2 022.0 022.0 022.1 021.9 021.8 021.9 021.9 021.8 021.7 021.9 021.7 021.7 021.7 021.7 021.6 021.6 021.6 021.6 021.5 021.7 021.6 021.7 021.5 021.5 021.6 021.5 021.5 021.4 021.3 
067.0 073.6 520.3 521.0 522.3 524.3 527.1 529.1 530.4 530.2 528.0 524.4 519.1 513.0 506.4 497.4 485.1 469.5 450.3 428.0 400.8 372.8 343.5 313.3 283.5 254.6 227.8 202.6 179.1 159.1 141.8 126.1 112.9 101.1 090.5 081.5 073.5 066.6 060.9 055.6 051.3 047.5 044.1 041.3 039.0 037.0 035.2 033.5 032.2 031.1 029.9 029.0 028.1 027.4 026.7 026.2 025.7 025.2 024.7 024.4 024.2 023.8 023.6 023.4 023.2 023.1 022.8 022.8 022.6 022.5 022.3 022.1 022.2 022.0 022.0 021.9 021.8 021.9 021.8 021.8 021.7 021.6 021.6 021.5 021.5 021.5 021.4 021.4 021.4 021.4 021.3 021.2 021.3 021.2 021.2 021.2 021.2 021.2 021.1 021.2 021.3 021.2 021.1 
068.0 074.6 518.9 520.4 521.6 523.1 523.5 522.8 520.6 518.1 513.0 506.9 505.0 501.9 497.3 488.6 476.6 462.0 443.1 421.2 396.0 368.5 339.8 311.3 281.9 252.8 226.2 201.2 178.4 158.3 141.0 125.6 112.3 100.5 090.1 080.9 073.3 066.3 060.5 055.5 051.2 047.3 044.1 041.4 038.7 036.8 034.8 033.3 031.7 030.6 029.5 028.7 027.9 027.1 026.6 025.9 025.5 025.0 024.6 024.2 024.0 023.6 023.4 023.2 023.1 022.9 022.7 022.5 022.4 022.3 022.2 022.1 022.1 022.0 021.9 021.8 021.8 021.7 021.7 021.7 021.6 021.7 021.6 021.7 021.5 021.4 021.5 021.5 021.5 021.5 021.5 021.4 021.4 021.4 021.3 021.4 021.3 021.4 021.3 021.3 021.2 021.3 021.3 
069.0 075.8 528.7 530.7 531.6 531.7 531.2 528.7 524.5 520.5 517.9 518.0 516.4 511.6 507.0 496.4 482.6 466.8 447.7 423.5 396.0 367.7 339.0 308.9 278.9 250.9 223.6 198.6 176.6 156.8 139.1 123.6 110.9 098.9 088.4 079.5 072.1 065.2 059.5 054.7 050.2 046.6 043.3 040.6 038.2 036.2 034.5 032.8 031.5 030.4 029.3 028.4 027.7 027.0 026.2 025.8 025.3 024.9 024.6 024.2 024.0 023.7 023.4 023.2 023.1 022.8 022.7 022.6 022.4 022.2 022.2 022.1 022.2 021.9 021.9 021.8 021.7 021.8 021.8 021.7 021.5 021.7 021.6 021.5 021.6 021.4 021.6 021.5 021.5 021.5 021.4 021.4 021.4 021.5 021.4 021.5 021.3 021.3 021.3 021.4 021.3 021.3 021.4 
070.0 077.1 522.2 522.6 521.0 519.9 520.0 519.8 521.4 522.7 524.0 520.6 513.5 508.4 500.3 486.5 473.1 453.9 430.6 406.6 380.5 351.3 323.1 296.0 266.1 237.5 212.6 190.1 168.3 149.7 133.8 118.9 105.8 094.7 085.5 076.7 069.2 063.2 057.6 052.7 048.9 045.4 042.4 039.7 037.3 035.5 033.7 032.3 031.2 029.9 029.0 028.2 027.3 026.6 026.1 025.8 025.1 024.8 024.4 024.1 023.8 023.6 023.3 023.1 023.0 022.8 022.7 022.5 022.5 022.3 022.2 022.1 022.1 021.9 021.9 022.0 021.9 021.7 021.7 021.7 021.6 021.5 021.6 021.8 021.4 021.6 021.5 021.5 021.5 021.5 021.3 021.3 021.4 021.4 021.4 021.4 021.3 021.3 021.6 021.4 021.3 021.4 021.3 
071.0 078.5 525.1 524.9 524.3 523.4 524.0 522.7 517.7 510.9 502.0 494.6 487.6 479.0 468.3 455.8 439.2 420.6 400.2 378.5 353.9 328.8 302.6 276.9 250.9 225.3 201.4 179.7 160.3 142.9 127.1 113.3 101.2 091.0 081.6 073.9 066.9 060.9 055.7 051.3 047.4 044.2 041.2 038.8 036.7 034.7 033.3 031.8 030.4 029.4 028.5 027.6 027.2 026.4 025.9 025.4 025.0 024.6 024.1 023.8 023.6 023.3 023.1 022.9 022.8 022.6 022.6 022.4 022.3 022.1 022.1 021.9 021.9 021.9 021.7 021.7 021.8 021.7 021.5 021.6 021.6 021.5 021.5 021.5 021.5 021.5 021.6 021.6 021.3 021.5 021.5 021.4 021.4 021.4 021.3 021.4 021.4 021.4 021.4 021.4 021.3 021.3 021.3 
072.0 080.2 504.4 500.1 492.7 483.7 475.2 467.6 462.7 460.4 456.0 449.3 442.2 434.3 424.8 414.2 401.8 388.0 372.3 354.2 333.7 311.6 288.4 264.5 240.1 216.7 194.5 173.6 155.1 138.3 123.0 109.8 098.0 088.1 079.5 071.9 065.1 059.5 054.4 050.1 046.3 043.3 040.5 037.9 035.9 034.0 032.4 031.4 030.0 029.1 028.2 027.4 026.8 026.1 025.5 025.3 024.7 024.3 024.2 023.5 023.5 023.2 022.9 022.8 022.7 022.4 022.5 022.2 022.3 022.1 021.8 021.9 021.9 021.7 021.8 021.8 021.7 021.7 021.7 021.6 021.6 021.6 021.5 021.3 021.5 021.5 021.4 021.6 021.3 021.5 021.5 021.3 021.4 021.3 021.2 021.4 021.3 021.3 021.4 021.2 021.2 021.4 021.2 
073.0 082.0 450.2 443.6 439.9 437.8 436.6 434.4 430.4 427.1 422.5 418.5 416.0 413.1 409.2 403.4 395.3 384.7 370.4 353.5 333.7 312.6 289.9 266.3 241.5 218.6 195.4 174.8 156.3 138.6 123.8 110.3 098.3 088.5 079.6 071.9 065.4 059.2 054.3 050.1 046.1 043.1 040.3 037.9 035.9 033.9 032.5 031.3 029.8 029.0 028.1 027.2 026.8 025.9 025.5 025.0 024.4 024.4 024.0 023.4 023.5 023.1 022.9 022.9 022.4 022.6 022.3 022.1 022.2 022.1 021.9 021.9 021.5 021.9 021.8 021.4 021.8 021.5 021.5 021.7 021.4 021.6 021.4 021.2 021.6 021.4 021.2 021.4 021.2 021.4 021.3 021.1 021.4 021.3 021.2 021.3 021.2 021.3 021.3 021.0 021.4 021.2 021.2 
074.0 084.2 420.8 418.2 416.6 413.5 411.8 410.3 410.7 409.7 410.5 410.4 411.7 411.9 410.3 406.4 399.7 391.0 378.4 361.8 341.6 319.4 295.6 271.7 246.6 222.8 199.5 178.1 158.6 141.2 125.6 112.2 100.2 089.8 080.8 072.6 065.8 059.8 054.6 050.3 046.6 043.2 040.5 038.0 035.9 034.0 032.5 031.2 030.0 028.9 028.2 027.4 026.6 026.0 025.5 025.1 024.6 024.1 024.0 023.7 023.5 023.1 023.0 022.8 022.7 022.5 022.3 022.3 022.1 022.1 021.9 021.8 021.8 021.7 021.7 021.7 021.6 021.6 021.5 021.4 021.5 021.4 021.5 021.4 021.3 021.5 021.4 021.4 021.4 021.4 021.3 021.4 021.3 021.4 021.2 021.4 021.3 021.3 021.2 021.3 021.3 021.3 021.2 
075.0 086.7 405.8 405.7 405.5 405.5 407.4 410.4 412.6 414.0 414.8 414.4 414.3 414.1 412.5 408.5 402.1 393.0 380.4 363.5 343.3 320.6 296.9 272.1 247.1 222.6 199.4 178.2 158.8 141.5 126.0 112.2 100.1 089.5 080.3 072.4 065.6 059.7 054.5 050.0 046.4 043.0 040.2 037.8 035.7 033.8 032.3 031.0 029.8 028.7 027.9 027.1 026.4 025.8 025.4 024.8 024.5 024.1 023.7 023.5 023.3 023.0 022.8 022.6 022.5 022.3 022.1 022.1 022.0 021.9 021.8 021.8 021.7 021.6 021.5 021.5 021.6 021.4 021.4 021.4 021.4 021.4 021.2 021.3 021.3 021.2 021.3 021.2 021.2 021.3 021.1 021.2 021.2 021.1 021.1 021.2 021.2 021.1 021.1 021.2 021.1 021.2 021.2 
076.0 089.7 418.2 420.8 425.1 427.9 432.7 436.4 438.8 441.2 442.2 441.6 440.1 437.4 433.9 427.7 419.3 408.1 393.3 374.5 352.8 328.2 302.2 276.2 250.4 225.6 201.7 179.9 160.4 142.3 126.6 113.1 100.8 090.2 081.0 072.8 065.8 059.9 054.7 050.2 046.5 043.3 040.3 037.8 035.7 033.8 032.4 031.0 029.8 028.8 027.9 027.1 026.4 025.9 025.2 024.8 024.5 024.0 023.8 023.4 023.1 023.1 022.8 022.7 022.5 022.3 022.3 022.1 022.0 021.9 021.9 021.8 021.6 021.6 021.6 021.4 021.5 021.4 021.4 021.4 021.3 021.3 021.4 021.4 021.3 021.2 021.2 021.3 021.3 021.2 021.3 021.2 021.1 021.1 021.1 021.2 021.2 021.1 021.1 021.1 021.2 021.2 021.1 
077.0 093.3 424.2 424.5 426.1 428.7 430.9 434.3 435.9 436.5 437.0 437.9 437.1 434.4 430.4 423.8 415.0 403.0 387.8 369.4 347.1 323.1 297.8 272.2 247.1 222.1 198.4 177.3 158.2 140.7 125.1 111.6 099.7 089.2 080.0 072.0 065.2 059.3 054.3 049.9 046.1 042.7 040.0 037.5 035.5 033.8 032.3 030.9 029.7 028.7 027.8 027.0 026.4 025.8 025.3 024.9 024.4 024.1 023.6 023.6 023.3 023.1 022.9 022.6 022.5 022.3 022.3 022.2 022.0 022.1 022.0 021.9 021.8 021.7 021.6 021.6 021.6 021.6 021.5 021.5 021.5 021.5 021.4 021.4 021.4 021.4 021.4 021.4 021.4 021.3 021.4 021.4 021.3 021.2 021.2 021.2 021.2 021.2 021.2 021.2 021.1 021.2 021.1 
078.0 097.8 404.9 404.8 407.4 409.6 410.9 411.8 413.0 413.4 413.2 413.3 412.8 410.6 406.6 400.4 392.0 380.9 366.9 350.1 330.0 307.6 284.0 260.2 236.6 213.2 190.8 170.8 152.9 136.2 121.2 108.1 096.6 086.5 077.8 070.1 063.5 057.9 052.9 048.7 045.2 041.9 039.3 036.9 034.9 033.1 031.7 030.5 029.2 028.3 027.5 026.8 026.0 025.6 025.0 024.7 024.3 023.9 023.6 023.4 023.2 022.9 022.7 022.6 022.4 022.2 022.2 022.0 021.9 021.8 021.7 021.7 021.6 021.6 021.5 021.5 021.4 021.3 021.4 021.4 021.2 021.3 021.3 021.2 021.2 021.4 021.2 021.2 021.2 021.2 021.3 021.2 021.3 021.1 021.2 021.3 021.2 021.1 021.2 021.1 021.1 021.1 021.2 
079.0 103.7 389.4 390.8 391.8 391.2 391.0 390.8 390.4 390.3 389.4 388.6 389.0 387.3 383.9 378.2 370.6 360.8 348.2 332.4 313.6 293.1 271.6 248.9 226.3 204.0 183.2 164.1 146.7 131.1 117.1 104.7 093.4 083.7 075.3 067.9 061.7 056.1 051.5 047.5 044.0 041.0 038.4 036.1 034.1 032.6 031.2 030.0 028.9 027.9 027.0 026.4 025.7 025.2 024.8 024.3 024.0 023.7 023.4 023.0 022.9 022.8 022.6 022.4 022.2 022.0 022.0 022.0 021.8 021.8 021.6 021.7 021.5 021.4 021.5 021.5 021.4 021.3 021.3 021.3 021.2 021.3 021.3 021.3 021.1 021.1 021.1 021.2 021.1 021.2 021.1 021.1 021.1 021.1 021.2 021.0 021.1 021.0 021.0 021.0 021.1 021.0 021.1 
080.0 112.3 354.7 356.4 358.0 359.1 360.4 361.2 361.8 362.3 361.9 361.3 361.6 360.1 357.4 352.3 345.3 336.8 325.7 311.4 294.6 275.3 255.3 234.8 213.9 193.4 173.7 155.8 139.8 125.2 111.8 100.1 089.5 080.4 072.5 065.6 059.5 054.4 050.0 046.1 042.8 040.0 037.4 035.4 033.5 031.9 030.7 029.5 028.5 027.5 026.7 026.2 025.6 025.1 024.6 024.4 023.9 023.6 023.3 023.2 022.8 022.7 022.4 022.3 022.2 022.0 021.9 021.7 021.7 021.6 021.5 021.5 021.4 021.4 021.3 021.4 021.2 021.3 021.2 021.2 021.2 021.2 021.2 021.1 021.2 021.2 021.1 021.1 021.1 021.2 021.1 021.1 021.0 021.0 021.0 021.0 021.0 021.0 021.0 021.0 021.1 021.0 021.0 
081.0 128.8 315.3 318.1 318.2 317.9 320.1 322.0 324.1 325.7 327.5 328.8 327.7 328.2 327.6 324.9 320.2 314.3 305.6 292.4 277.2 259.8 241.4 222.4 203.8 185.9 167.0 150.0 134.4 120.2 107.5 096.5 087.3 078.5 070.6 063.7 057.9 053.1 048.8 045.3 041.9 039.1 036.7 034.5 032.9 031.4 030.1 029.0 027.9 027.1 026.3 025.7 025.2 024.7 024.3 023.9 023.5 023.2 023.0 022.8 022.6 022.4 022.4 022.1 022.0 021.9 021.9 021.7 021.6 021.6 021.5 021.5 021.4 021.4 021.3 021.3 021.2 021.2 021.2 021.1 021.1 021.1 021.1 021.0 021.0 021.0 021.0 021.0 021.0 021.0 020.9 021.0 020.9 021.0 021.0 020.9 021.0 020.9 020.9 020.9 020.9 020.9 021.0 
081.0 152.6 238.4 237.7 240.2 243.4 244.7 246.3 247.6 249.4 250.1 251.7 256.6 258.3 259.2 258.7 256.6 252.8 248.5 242.9 232.6 220.2 206.6 191.9 176.8 162.5 148.9 134.7 121.2 109.0 097.9 088.3 079.9 072.7 065.7 059.5 054.3 049.9 046.0 042.7 039.9 037.3 035.0 033.1 031.5 030.2 029.1 028.0 027.1 026.3 025.6 025.1 024.5 024.1 023.8 023.4 023.0 022.8 022.6 022.4 022.2 022.1 021.9 021.8 021.7 021.6 021.5 021.4 021.3 021.3 021.3 021.2 021.1 021.2 021.1 021.0 021.0 020.9 020.9 020.9 020.9 020.9 020.9 020.9 020.8 020.8 020.8 020.8 020.8 020.7 020.8 020.7 020.7 020.8 020.7 020.7 020.7 020.7 020.6 020.7 020.7 020.8 020.7 
080.0 169.1 158.3 159.0 158.6 159.4 159.6 160.4 161.5 162.3 163.5 164.9 165.7 168.0 169.5 171.6 173.3 174.0 174.4 173.7 170.2 165.8 159.6 151.9 143.7 134.5 124.8 115.2 105.4 096.1 087.5 079.5 072.3 065.9 060.2 055.3 050.8 046.8 043.5 040.5 037.9 035.7 033.7 032.1 030.6 029.4 028.3 027.4 026.6 025.8 025.3 024.6 024.2 023.7 023.5 023.1 022.8 022.6 022.3 022.1 022.0 021.8 021.7 021.7 021.5 021.5 021.3 021.2 021.1 021.0 021.1 021.0 020.9 020.9 020.9 020.9 020.9 020.8 020.7 020.9 020.7 020.7 020.8 020.7 020.8 020.7 020.7 020.7 020.7 020.7 020.7 020.7 020.6 020.6 020.6 020.6 020.7 020.6 020.6 020.7 020.6 020.7 020.6 
079.0 177.7 105.7 105.4 105.2 105.3 105.2 104.7 104.8 104.6 104.5 104.6 104.4 105.1 105.0 105.2 106.0 106.4 107.6 108.1 108.8 108.5 107.7 106.1 103.3 100.1 095.8 091.6 086.2 080.7 075.1 069.6 064.5 059.7 055.3 051.1 047.5 044.2 041.3 038.7 036.5 034.5 032.7 031.2 029.9 028.7 027.7 026.8 026.0 025.4 024.7 024.3 023.8 023.4 023.1 022.8 022.5 022.3 022.1 021.9 021.8 021.6 021.5 021.5 021.3 021.3 021.2 021.0 021.0 020.9 020.9 020.9 020.8 020.9 020.8 020.7 020.6 020.7 020.7 020.7 020.7 020.6 020.5 020.5 020.5 020.6 020.4 020.4 020.5 020.6 020.5 020.5 020.5 020.5 020.6 020.4 020.5 020.6 020.5 020.5 020.5 020.5 020.5 
078.0 183.6 066.2 065.9 065.7 065.0 064.5 064.2 063.8 063.2 063.1 062.5 062.2 061.8 061.4 060.9 060.6 060.0 059.9 059.5 059.5 059.1 058.8 058.8 058.9 058.0 057.7 057.2 056.3 054.7 053.0 051.4 049.4 047.5 045.3 043.4 041.2 039.3 037.3 035.5 033.9 032.5 031.1 030.0 028.8 027.8 027.0 026.2 025.6 025.0 024.6 024.0 023.4 023.1 022.9 022.6 022.3 022.1 021.9 021.7 021.6 021.5 021.3 021.1 021.1 021.0 021.0 020.8 020.8 020.7 020.7 020.7 020.6 020.7 020.5 020.5 020.5 020.5 020.4 020.4 020.4 020.4 020.4 020.3 020.4 020.4 020.4 020.4 020.4 020.3 020.4 020.4 020.4 020.4 020.4 020.3 020.5 020.4 020.3 020.4 020.4 020.3 020.3 
077.0 188.1 041.4 041.0 040.6 040.2 040.1 039.8 039.6 038.9 038.8 038.7 038.1 037.8 037.5 037.0 036.9 036.4 036.2 035.7 035.6 035.2 034.8 034.5 034.2 033.8 033.7 033.4 033.2 032.6 032.6 032.1 031.9 031.7 031.3 030.8 030.5 030.0 029.6 029.0 028.5 028.2 027.6 026.9 026.4 025.9 025.5 025.0 024.7 024.2 023.8 023.5 023.2 022.9 022.5 022.3 022.2 021.9 021.8 021.6 021.5 021.4 021.3 021.2 021.2 020.9 020.9 020.9 020.8 020.7 020.7 020.7 020.5 020.7 020.5 020.7 020.5 020.6 020.5 020.5 020.4 020.5 020.5 020.5 020.5 020.3 020.4 020.5 020.4 020.4 020.4 020.4 020.4 020.4 020.3 020.4 020.2 020.4 020.4 020.4 020.3 020.5 020.3 
076.0 191.7 028.7 028.2 028.5 028.0 028.1 027.7 027.6 027.4 027.3 027.0 027.1 026.6 026.7 026.4 026.4 026.2 025.9 025.8 025.6 025.4 025.5 025.2 025.1 025.1 024.7 024.6 024.6 024.2 024.3 024.0 024.0 023.9 023.7 023.7 023.5 023.4 023.4 023.2 023.2 023.0 022.9 022.8 022.7 022.6 022.5 022.4 022.3 022.2 022.1 022.0 021.9 021.7 021.6 021.6 021.5 021.4 021.2 021.2 021.0 021.0 020.9 020.9 020.7 020.8 020.6 020.8 020.5 020.6 020.4 020.5 020.3 020.5 020.2 020.4 020.2 020.4 020.2 020.3 020.1 020.3 020.1 020.3 020.1 020.4 020.0 020.2 020.1 020.3 020.0 020.3 020.2 020.2 020.2 020.3 020.1 020.2 020.2 020.3 020.1 020.2 020.0 
075.0 194.7 023.1 023.1 022.9 023.0 022.8 022.8 022.7 022.7 022.6 022.6 022.6 022.4 022.3 022.3 022.2 022.3 022.1 022.1 022.1 022.0 021.8 021.8 021.8 021.7 021.7 021.6 021.5 021.5 021.5 021.5 021.4 021.4 021.4 021.3 021.2 021.2 021.2 021.0 021.1 021.1 021.0 021.1 021.0 021.0 020.9 020.8 020.9 020.8 020.8 020.8 020.7 020.8 020.7 020.6 020.6 020.7 020.6 020.6 020.5 020.6 020.6 020.4 020.4 020.4 020.4 020.4 020.3 020.4 020.4 020.3 020.3 020.3 020.3 020.2 020.3 020.2 020.2 020.2 020.2 020.2 020.2 020.1 020.1 020.1 020.2 020.1 020.2 020.2 020.2 020.1 020.2 020.2 020.2 020.1 020.0 020.1 020.1 020.0 020.1 020.0 020.1 
074.0 197.2 021.1 021.1 020.9 021.1 020.9 021.0 021.0 020.9 020.9 020.9 020.9 020.9 020.8 020.9 020.9 020.7 020.7 020.7 020.7 020.7 020.7 020.7 020.6 020.6 020.7 020.5 020.6 020.5 020.5 020.6 020.5 020.5 020.5 020.5 020.4 020.5 020.4 020.3 020.3 020.4 020.3 020.3 020.4 020.3 020.3 020.3 020.4 020.4 020.3 020.3 020.2 020.2 020.2 020.3 020.2 020.3 020.2 020.3 020.2 020.3 020.2 020.3 020.2 020.3 020.2 020.2 020.0 020.2 020.2 020.2 020.3 020.1 020.2 020.1 020.0 020.1 020.1 020.1 020.1 020.2 020.2 020.2 020.1 020.1 020.1 020.1 020.0 020.1 020.1 020.0 020.1 020.1 020.2 020.1 020.2 020.1 020.2 020.1 020.1 020.2 020.2 
073.0 199.4 020.4 020.5 020.4 020.4 020.5 020.4 020.4 020.4 020.3 020.4 020.3 020.4 020.3 020.4 020.4 020.3 020.2 020.3 020.1 020.2 020.2 020.3 020.2 020.2 020.3 020.2 020.2 020.2 020.2 020.3 020.3 020.2 020.2 020.3 020.2 020.1 020.2 020.3 020.3 020.1 020.2 020.0 020.1 020.2 020.2 020.1 020.2 020.0 020.1 020.1 020.1 020.1 020.1 020.2 020.2 020.1 020.1 020.2 020.0 020.1 020.0 020.2 020.1 020.1 020.1 020.0 020.0 020.0 020.0 020.0 020.1 020.0 020.0 020.1 020.1 020.1 020.1 019.9 020.0 020.1 020.1 020.0 020.1 020.1 020.0 020.0 020.2 020.1 020.0 020.1 020.1 020.2 020.0 020.0 020.0 020.1 020.1 020.1 020.0 020.2 020.1 
072.0 201.2 020.1 020.2 020.2 020.2 020.2 020.1 020.2 020.2 020.2 020.1 020.2 020.1 020.2 020.1 020.1 020.2 020.1 020.0 020.1 020.1 020.2 020.1 020.1 020.1 020.2 020.0 020.1 020.1 020.1 020.2 020.1 020.1 020.1 020.1 020.1 020.1 020.1 020.2 020.1 020.2 020.1 020.1 020.1 020.0 020.1 020.2 020.0 020.1 020.1 020.1 020.1 020.1 020.1 020.1 020.2 020.0 020.0 020.0 020.0 020.0 020.0 020.0 020.1 020.1 020.0 020.1 020.0 020.0 020.0 020.1 020.0 020.1 019.9 020.0 020.0 020.0 020.1 019.9 020.0 020.1 020.0 020.1 019.9 020.1 020.0 020.0 020.0 020.0 020.0 019.9 019.9 020.0 020.0 020.0 020.0 020.1 020.0 020.1 020.1 020.0 020.1 
071.0 202.9 020.0 020.1 020.1 020.1 020.1 020.1 020.0 020.1 020.1 020.1 020.0 020.0 020.1 020.1 020.0 020.0 020.0 020.1 020.1 020.1 020.0 020.1 020.1 020.1 020.1 020.1 020.0 020.0 020.1 020.0 020.0 020.1 020.0 020.1 020.0 020.1 020.1 020.1 020.0 020.1 020.1 020.1 020.1 020.0 020.1 020.1 020.1 020.1 020.0 020.1 020.1 020.0 020.1 020.2 020.0 020.1 020.1 020.2 019.9 020.0 020.1 020.0 020.0 020.1 020.1 020.1 020.0 019.9 020.1 020.1 020.0 020.1 020.0 020.1 020.1 020.1 020.1 020.0 020.1 020.0 020.1 020.1 020.0 020.0 020.0 020.1 020.1 020.1 020.0 020.2 020.0 020.0 020.1 020.0 020.1 020.0 020.1 020.0 020.0 020.1 020.1 
070.0 204.3 020.0 020.1 020.1 020.0 020.1 020.0 019.9 020.1 020.0 020.1 020.1 020.2 020.1 020.0 020.0 020.1 020.1 020.3 020.0 020.0 020.0 020.1 020.1 020.0 020.1 020.1 020.0 020.1 020.1 020.1 020.2 020.2 020.1 020.0 019.9 020.1 020.1 020.1 020.1 020.0 020.1 020.0 020.0 020.0 020.0 020.1 020.1 020.0 020.0 020.0 020.1 020.1 020.0 020.0 020.0 020.1 020.1 020.1 020.1 020.1 020.1 020.0 020.0 020.1 020.1 020.0 020.1 020.1 020.0 020.0 020.0 020.1 020.1 020.0 020.1 020.1 020.0 020.0 020.1 020.1 020.1 019.9 020.1 020.2 020.2 020.1 020.1 020.1 020.1 020.1 020.1 020.0 020.1 020.1 020.1 020.2 020.0 020.1 020.1 020.1 020.0 
069.0 205.6 020.0 020.0 020.0 020.1 020.1 020.1 020.0 020.2 020.1 020.0 020.0 020.1 020.0 020.1 020.1 020.0 019.9 020.0 020.1 020.0 020.1 020.1 020.0 020.0 020.1 020.0 020.0 020.1 020.0 020.0 019.9 020.1 020.2 020.0 020.0 020.0 020.1 020.0 020.2 020.0 019.9 020.0 020.0 020.0 020.1 019.9 020.0 020.2 020.0 019.9 020.1 020.0 020.0 020.0 020.0 020.1 020.0 020.0 020.0 019.9 020.0 020.1 020.0 020.0 020.1 020.1 020.1 020.0 020.0 020.1 020.1 019.9 019.9 020.0 019.9 020.0 020.0 020.0 020.0 020.0 020.0 020.0 020.1 020.2 020.1 019.9 020.1 020.1 020.0 020.0 019.9 020.0 020.0 020.0 020.0 020.0 020.1 020.0 020.1 020.1 020.1 
068.0 206.8 020.1 020.1 020.1 020.1 020.1 020.0 020.0 020.0 020.0 020.0 020.0 020.0 020.0 020.0 020.1 020.2 020.2 020.0 020.0 020.1 020.0 020.0 020.1 020.0 020.1 020.1 020.1 020.0 020.0 020.1 020.1 020.0 020.0 020.0 020.0 020.1 020.1 020.0 020.1 020.1 020.1 020.0 020.1 020.1 020.1 020.0 020.0 020.0 020.0 020.1 020.1 020.1 020.0 020.1 020.1 020.1 020.0 020.0 020.0 020.0 020.0 020.0 020.0 020.0 020.1 020.1 020.1 020.1 020.1 020.0 020.1 020.0 020.1 020.1 020.1 020.0 020.0 020.1 020.0 020.2 020.1 020.0 020.0 020.0 019.9 020.0 019.9 019.9 020.1 020.0 020.1 020.0 020.0 020.0 019.9 020.0 019.9 020.1 020.0 020.1 020.1 
067.0 207.8 020.0 020.0 020.0 020.1 020.1 020.0 020.2 020.1 020.1 020.1 020.1 020.1 020.0 020.0 020.1 020.1 020.0 020.1 020.2 020.0 020.2 020.1 020.0 020.1 020.0 020.1 020.1 020.1 020.0 020.1 020.1 020.0 020.1 020.0 020.1 020.0 020.1 020.1 020.2 020.1 020.0 020.1 020.1 020.2 020.0 020.0 020.1 020.1 020.1 020.1 020.1 020.0 020.0 020.2 020.0 020.1 020.1 020.1 020.1 020.1 020.1 020.2 020.1 020.1 020.1 020.1 020.0 020.1 020.0 020.1 020.0 020.1 020.0 020.1 020.1 020.0 020.1 020.1 020.0 020.2 020.1 020.0 020.1 020.2 020.0 020.1 020.1 020.0 020.0 020.1 020.0 020.1 020.1 020.1 020.0 020.1 020.1 020.1 020.1 020.0 020.0 
066.0 208.7 020.1 020.1 020.1 020.1 020.1 020.1 020.1 020.1 020.2 020.1 020.0 020.0 020.1 020.0 020.1 020.0 020.0 020.1 020.1 020.0 020.1 019.9 020.1 020.1 020.1 019.9 020.1 020.0 020.1 020.1 020.1 020.2 020.0 020.0 020.0 020.1 020.0 020.1 020.0 020.0 020.0 020.0 020.1 020.0 020.1 020.1 020.0 020.0 020.1 020.1 019.9 020.0 020.2 020.1 020.1 020.0 020.1 020.1 019.9 019.9 020.1 020.1 020.1 020.0 020.1 019.9 020.1 020.1 020.1 020.1 020.0 020.1 020.1 020.1 020.2 020.0 020.1 020.0 020.0 020.1 020.1 020.1 020.1 020.1 020.1 020.0 020.1 020.1 020.1 020.1 020.1 020.1 020.0 020.0 020.0 020.1 020.2 020.1 020.1 020.1 020.0 
065.0 209.6 020.1 020.1 020.1 020.1 020.1 020.0 020.1 020.2 020.0 020.2 020.0 020.2 020.2 020.1 020.2 020.2 020.0 020.1 020.1 020.0 020.1 020.2 020.1 020.1 020.1 020.1 020.1 020.1 020.2 020.1 020.1 020.1 020.1 020.1 020.2 020.1 020.2 020.2 020.0 020.1 020.2 020.1 020.1 020.2 020.1 020.1 020.1 020.1 020.2 020.1 020.1 020.1 020.1 020.1 020.0 020.1 020.2 020.1 020.1 020.0 020.1 020.1 020.0 020.1 020.0 020.1 020.1 020.1 020.2 020.1 020.1 020.1 020.0 020.2 020.1 020.0 020.1 020.1 020.1 020.1 020.1 020.2 020.0 020.0 020.1 020.1 020.0 020.1 020.2 020.0 020.1 020.0 020.1 020.1 020.0 020.0 019.9 020.1 020.0 020.1 020.1 
064.0 210.4 020.0 020.0 020.0 020.0 020.1 020.0 020.1 020.1 020.1 020.2 020.0 020.0 020.0 020.2 020.1 020.1 020.0 020.0 020.1 020.0 020.0 020.1 020.0 020.0 020.1 020.1 020.1 020.0 020.0 020.0 020.1 020.1 020.0 020.0 020.0 020.1 020.1 020.1 020.0 020.0 020.1 020.0 020.1 020.0 020.1 020.1 020.1 020.1 020.1 020.0 020.1 020.1 020.2 020.2 020.2 020.1 020.0 020.1 020.1 020.1 020.1 020.1 020.1 020.0 020.1 020.1 020.2 020.0 020.1 020.0 020.0 020.1 020.1 020.1 020.0 020.2 020.0 020.1 020.1 020.3 020.0 020.1 020.0 019.9 020.1 020.1 020.1 020.1 020.2 020.1 020.0 020.1 020.0 020.1 020.1 020.1 020.2 020.2 020.1 020.1 020.1 
063.0 211.1 020.0 020.0 020.2 020.2 020.1 020.2 020.1 020.2 020.2 020.1 020.0 020.2 020.1 020.0 020.2 020.0 020.2 020.1 020.2 020.0 020.2 020.1 020.2 020.1 020.1 020.2 020.1 020.2 020.0 020.1 020.1 020.1 020.1 020.1 020.2 020.2 020.2 020.0 020.1 020.0 020.1 020.1 020.2 020.0 020.2 020.1 020.1 020.1 020.1 020.0 020.1 020.1 020.1 020.1 020.1 020.0 020.0 020.1 020.1 020.1 020.0 020.1 020.3 020.0 020.2 020.1 020.0 020.1 020.1 020.1 020.2 020.0 020.0 020.2 020.0 020.1 020.1 020.2 020.1 020.0 020.0 020.2 020.1 020.0 020.1 020.0 020.0 020.1 020.1 020.2 020.1 020.0 020.1 020.1 020.1 020.1 020.1 020.1 019.9 020.1 020.1 
062.0 211.8 020.0 020.1 020.0 020.1 020.1 020.1 020.2 020.1 020.1 020.1 020.1 020.0 020.1 020.2 020.1 020.1 020.1 020.1 020.0 020.1 020.1 020.1 020.1 020.1 020.0 020.0 020.1 020.1 020.1 020.1 020.2 020.1 020.1 020.1 020.1 020.1 020.1 020.1 020.2 020.0 020.2 020.1 020.0 020.1 020.1 020.1 020.1 020.2 020.1 020.1 020.1 020.1 020.1 020.0 020.0 020.2 020.1 020.1 020.1 020.2 020.0 020.2 020.2 020.1 019.9 020.1 020.1 020.1 020.0 020.2 020.1 020.2 020.1 020.2 019.9 020.2 020.1 020.1 020.1 020.0 020.1 020.0 020.0 020.1 020.1 020.1 020.2 020.2 020.1 020.1 020.1 020.1 020.1 020.0 020.1 020.1 020.1 020.1 020.1 019.9 020.2 
061.0 212.4 020.0 020.0 020.1 020.0 020.1 020.1 020.0 020.0 020.0 020.0 020.1 020.0 020.1 020.1 020.0 020.1 020.1 020.1 020.0 020.2 020.1 020.1 020.2 020.1 020.1 020.0 020.1 020.0 020.2 020.1 020.2 020.1 020.0 020.0 020.1 020.1 020.0 020.1 020.1 020.1 020.0 020.1 020.1 020.1 020.0 020.1 020.0 020.1 020.2 020.1 020.0 020.0 020.1 020.0 020.1 020.0 020.1 020.0 020.1 020.1 020.0 020.0 020.0 020.1 020.2 020.1 020.2 020.2 020.1 020.1 020.2 020.1 020.1 020.2 020.1 020.0 020.2 020.1 020.0 020.2 020.1 020.1 020.1 020.2 020.1 020.0 020.1 020.2 020.1 020.1 020.1 020.0 020.1 020.2 020.2 020.3 020.1 020.1 020.0 020.1 020.1 
060.0 213.0 020.1 020.1 020.1 020.1 020.1 020.1 020.2 020.0 020.0 020.0 020.1 020.0 020.2 020.1 020.0 020.0 020.0 020.2 020.1 020.2 020.1 020.1 020.1 020.0 020.0 020.1 020.0 020.1 020.1 020.1 020.1 020.0 020.1 020.1 020.0 020.1 020.0 020.1 020.0 020.1 020.1 020.1 020.1 020.1 020.1 020.1 020.0 020.1 020.1 020.1 020.2 020.1 020.1 020.1 020.0 020.1 020.0 019.9 020.0 020.1 020.1 019.9 020.0 020.1 020.0 020.1 020.1 020.2 020.1 020.1 019.9 020.2 020.1 020.1 020.1 020.1 020.1 020.1 020.1 020.1 020.0 020.0 020.2 020.0 020.1 020.1 020.1 020.1 020.1 020.1 020.1 020.1 020.1 020.1 020.3 020.1 020.1 020.0 020.0 020.1 020.1 
059.0 213.5 020.3 020.2 020.0 020.2 020.0 020.2 020.1 020.0 020.1 020.1 020.1 020.3 019.9 020.2 020.2 020.1 020.2 020.2 020.1 020.1 020.1 020.0 020.1 020.1 020.1 020.0 020.2 020.1 020.2 020.1 020.1 020.1 020.2 020.1 020.1 020.1 019.9 020.1 020.0 020.1 020.1 019.9 020.1 020.0 020.1 020.1 020.1 020.2 020.2 020.0 020.1 020.0 020.1 020.1 020.1 020.2 020.2 020.0 020.1 020.0 020.2 020.0 020.1 020.1 020.1 020.2 020.2 020.1 020.1 019.9 020.2 020.1 020.1 020.1 020.2 020.2 020.1 020.0 020.2 020.0 020.1 020.1 019.9 020.0 020.0 020.0 020.1 020.1 020.0 020.1 020.1 020.0 020.0 020.1 020.2 020.0 020.0 020.2 020.0 020.1 019.9 
058.0 214.0 020.1 020.1 020.1 020.1 020.0 020.2 020.1 020.2 020.1 020.1 020.0 020.2 020.0 020.1 020.0 020.1 020.2 020.1 020.2 020.2 020.0 020.1 020.3 020.1 020.1 020.1 020.1 020.1 020.1 020.2 020.2 020.1 020.1 020.2 020.1 020.1 020.0 020.1 020.1 020.0 020.1 020.2 020.0 020.1 020.1 020.1 020.1 020.1 020.1 020.2 020.1 020.1 020.1 020.2 020.1 020.1 020.1 020.1 020.0 020.1 020.1 020.1 020.1 020.1 020.0 020.1 020.0 020.0 020.1 020.1 020.2 020.2 020.1 020.0 020.1 020.0 020.1 019.9 020.1 020.1 020.2 020.0 020.1 020.0 020.1 020.1 020.2 020.1 020.0 020.2 020.1 020.1 020.1 020.1 020.2 020.0 020.1 020.0 020.1 020.1 020.2 
057.0 214.5 020.1 020.1 020.1 020.2 020.1 020.2 019.9 020.1 020.2 020.1 020.1 020.2 020.0 020.1 020.0 020.1 020.1 020.0 020.0 020.1 020.0 020.2 019.9 020.1 020.1 020.1 020.1 020.1 020.1 020.0 020.2 020.1 020.2 020.0 020.1 020.0 020.2 020.1 020.1 019.9 020.2 020.1 020.1 019.9 020.0 020.0 020.1 020.1 020.2 020.1 020.1 020.1 020.2 020.0 020.3 020.1 020.0 020.1 020.1 020.2 020.1 020.1 020.0 020.1 020.1 020.2 020.0 020.2 020.0 020.1 020.1 020.1 020.0 020.3 020.1 020.1 019.9 020.2 020.1 020.1 020.0 020.3 020.0 020.1 020.1 020.2 020.1 020.1 020.1 020.2 020.2 020.1 020.1 020.0 020.1 020.0 020.2 020.1 020.2 020.1 020.0 
056.0 214.9 020.0 020.0 020.0 020.0 020.1 020.0 020.1 020.2 020.1 020.2 020.1 020.2 020.1 020.1 020.1 019.9 020.1 020.0 020.1 020.0 020.1 020.1 020.1 020.0 020.1 020.0 020.1 020.2 020.0 020.0 020.1 020.1 020.1 020.1 020.0 020.0 020.1 020.1 020.0 020.1 020.2 020.1 020.1 020.0 020.2 020.0 020.1 020.0 020.1 020.1 020.0 020.1 020.1 020.1 020.1 019.9 020.0 020.1 020.1 020.1 020.0 020.2 020.1 020.1 020.1 020.0 020.0 020.1 020.0 020.1 020.2 020.1 020.0 020.1 020.1 020.1 020.2 020.0 020.2 020.0 020.1 020.1 020.2 020.1 020.1 020.0 020.0 020.2 020.1 020.1 020.2 020.1 020.1 020.1 020.1 020.0 020.1 020.1 020.1 020.2 020.2 
055.0 215.3 020.0 020.1 020.2 020.1 020.1 020.1 020.1 020.0 020.0 020.1 020.1 020.2 020.0 020.1 020.2 020.1 020.1 020.1 020.2 020.0 020.1 020.1 020.2 020.1 020.1 020.2 020.0 020.1 020.2 020.3 020.2 020.2 020.1 020.1 020.1 020.1 020.3 020.0 020.1 020.3 020.1 020.2 020.0 020.3 020.2 020.1 020.2 020.1 020.1 020.2 020.1 020.0 020.2 020.1 020.1 020.2 020.1 020.2 020.0 020.1 020.1 020.2 020.1 020.1 020.1 020.1 020.2 020.2 020.2 020.1 020.1 020.2 020.1 020.1 020.2 020.0 020.1 020.1 020.0 020.2 020.2 020.0 020.1 020.1 020.1 020.1 020.1 020.1 020.2 020.0 020.2 020.1 020.1 020.1 020.1 020.1 020.1 020.1 020.2 020.0 020.0 
054.0 215.7 020.1 020.0 020.0 020.1 020.2 020.1 020.2 020.2 020.1 020.1 020.1 020.2 020.0 020.1 020.0 020.1 020.1 020.1 020.2 020.2 020.1 020.1 020.2 020.2 020.2 020.2 020.2 020.2 020.1 020.0 020.0 020.0 020.3 020.1 020.0 020.1 020.1 020.1 020.1 020.0 020.1 020.1 020.2 020.1 020.2 020.1 020.2 020.2 020.1 020.1 020.1 020.0 020.2 020.1 020.1 020.1 020.1 020.1 020.2 020.1 020.0 020.2 020.0 020.1 020.2 020.2 020.1 020.2 020.0 020.1 020.2 020.1 019.9 020.2 020.1 020.0 020.2 020.1 020.1 020.1 020.1 020.0 020.1 020.1 020.2 020.1 020.1 020.1 020.1 020.1 020.1 020.1 020.0 020.1 020.2 020.3 020.1 020.2 020.0 020.1 020.1 
053.0 216.1 020.0 020.1 020.1 020.2 020.1 020.1 020.1 020.1 020.1 020.2 020.1 020.2 020.2 020.1 020.2 020.1 020.0 020.1 019.9 020.1 020.1 020.2 020.2 020.1 020.1 020.0 020.1 020.0 020.1 020.2 020.1 020.1 020.1 020.1 020.2 020.1 020.1 020.1 020.1 020.1 020.1 020.2 020.1 020.1 020.1 020.1 020.0 020.0 020.0 020.0 020.1 020.0 020.2 020.2 020.1 020.1 020.1 019.9 020.0 020.2 020.1 020.1 020.1 020.0 020.1 020.0 020.1 020.0 020.1 020.2 020.1 020.2 020.1 020.0 020.1 020.0 020.1 020.1 020.1 020.2 020.1 020.1 020.0 020.1 020.0 020.0 020.1 020.0 020.1 020.1 020.2 020.1 020.1 020.1 020.1 020.0 020.1 020.1 020.1 020.1 020.1 
052.0 216.4 020.1 020.1 020.1 020.0 020.0 020.0 020.0 020.1 020.1 020.2 020.0 020.1 020.1 020.1 020.1 020.1 020.1 020.1 020.1 020.2 020.0 020.0 020.1 020.1 020.0 020.1 020.1 020.1 020.1 020.0 020.1 020.0 020.1 019.9 020.1 020.0 020.2 020.0 020.2 020.2 020.2 020.0 020.0 020.0 020.0 020.0 020.0 020.0 020.1 020.1 020.1 020.0 020.0 019.9 020.2 020.1 020.1 020.1 020.1 020.1 020.0 020.0 020.0 020.1 020.2 020.1 020.1 020.2 020.1 020.0 020.0 020.1 020.0 020.1 020.2 020.1 020.2 020.1 020.1 019.9 020.0 020.1 019.9 020.2 020.1 020.1 020.2 020.1 020.1 020.1 020.1 020.0 020.0 020.0 020.1 020.3 020.1 020.0 020.0 020.0 020.1 
051.0 216.7 020.1 020.1 020.0 020.0 020.1 020.1 020.2 020.1 020.2 020.1 019.9 020.1 020.0 020.0 020.0 020.1 020.1 020.2 020.1 020.0 020.0 020.1 020.1 020.0 020.1 020.1 020.2 020.0 020.3 020.1 020.0 020.1 020.0 020.0 020.1 020.1 020.2 020.0 020.1 020.2 020.1 020.1 020.1 020.3 020.1 020.1 020.1 020.1 020.2 020.0 020.0 020.0 020.0 020.1 020.1 020.1 020.2 020.0 020.1 020.1 020.0 019.9 020.1 020.0 020.1 020.0 020.2 020.0 020.1 020.0 020.0 020.0 020.1 020.0 020.1 020.1 020.2 020.0 019.9 020.1 020.0 020.1 020.0 020.1 020.2 020.2 020.0 020.1 020.0 020.0 020.0 020.0 020.1 020.2 020.1 020.0 020.1 020.1 020.1 020.1 020.0 
050.0 217.0 020.1 020.1 020.1 020.1 020.1 020.0 020.2 020.0 020.2 020.0 020.0 020.0 020.1 020.0 020.1 020.1 020.1 020.0 020.2 020.1 020.1 020.0 020.0 020.0 020.0 020.0 020.2 020.1 020.2 020.1 020.0 020.0 020.2 020.1 020.1 020.1 020.2 020.1 020.2 020.1 020.2 020.1 020.1 020.2 020.1 020.1 020.2 020.0 020.1 020.1 020.1 020.2 020.2 020.1 020.0 020.2 020.2 020.0 020.1 020.1 020.1 020.2 020.1 020.2 020.0 020.1 020.2 020.0 020.1 020.1 020.2 020.1 020.0 020.1 020.2 020.3 020.1 020.1 020.0 020.1 020.1 020.2 020.1 020.1 020.0 020.1 020.2 020.0 020.2 020.2 020.1 020.0 020.0 020.3 020.2 020.1 020.2 020.1 020.1 020.1 020.1 
049.0 217.3 020.1 020.2 020.2 020.0 020.1 020.1 020.1 020.0 020.0 020.2 020.1 020.1 020.0 020.1 020.1 019.9 020.0 020.1 020.1 020.2 020.2 020.2 020.3 020.1 020.1 020.1 020.1 020.1 020.1 020.2 020.2 020.1 020.0 020.1 020.0 020.1 020.1 020.1 020.1 020.2 020.1 020.1 020.1 020.2 020.1 020.2 020.1 020.1 020.1 020.1 020.0 020.0 020.1 019.8 020.0 020.0 020.1 020.1 020.1 020.2 020.1 020.1 020.1 020.0 019.9 020.1 020.2 020.0 020.1 020.1 020.0 020.0 020.1 020.1 020.0 020.1 020.0 020.1 020.0 020.0 020.1 020.1 020.1 020.0 020.1 020.0 020.0 020.1 020.0 020.2 020.0 020.1 020.0 020.0 020.1 020.1 020.2 020.2 020.1 020.1 020.1 
048.0 217.6 020.1 020.1 020.0 019.8 019.8 019.9 020.0 020.0 020.0 019.9 019.9 020.1 019.9 020.0 020.0 020.0 020.0 019.9 020.0 020.0 019.9 020.0 020.0 020.0 019.9 020.1 020.0 020.0 020.0 020.0 019.9 019.9 020.1 020.0 020.1 020.1 019.9 020.1 020.0 020.0 020.1 020.0 020.0 020.0 020.0 020.1 020.0 020.0 020.0 020.0 020.0 019.9 020.0 020.0 020.0 020.1 020.1 020.0 020.0 019.9 020.1 020.1 020.1 020.1 020.1 020.0 020.0 020.1 020.1 020.0 020.1 020.1 020.2 020.0 020.1 020.1 020.0 020.1 020.1 020.1 020.1 020.1 020.2 020.0 020.1 020.1 020.0 020.1 020.0 020.2 019.9 020.1 020.2 020.0 019.9 020.0 020.0 020.1 020.0 020.0 020.1 
047.0 217.8 020.0 020.0 020.0 020.1 020.0 020.0 020.0 019.9 020.1 020.1 020.0 020.0 020.0 020.1 020.2 020.0 020.0 020.1 020.0 020.0 020.0 020.0 020.1 019.9 020.0 020.2 019.9 020.0 020.0 020.1 020.0 020.0 019.9 019.8 020.0 020.1 020.1 020.1 020.0 020.0 019.9 020.0 020.0 020.1 020.0 020.0 020.0 020.0 019.9 019.9 019.9 020.0 020.0 020.1 020.0 020.0 019.9 020.1 020.1 020.0 020.0 020.0 020.0 019.9 020.1 020.0 020.0 020.0 020.0 020.0 020.1 020.0 020.0 019.9 019.9 020.0 019.9 020.0 020.1 020.0 020.0 020.1 019.9 020.0 020.0 020.0 019.9 019.9 020.0 020.0 020.0 020.0 019.9 019.9 020.1 020.0 020.1 020.0 020.1 020.0 020.1 
046.0 218.0 020.0 020.0 020.0 020.1 019.9 019.9 020.0 020.0 020.0 020.0 019.8 019.9 019.9 020.1 020.0 019.9 020.0 020.0 020.0 020.0 019.9 019.9 020.0 019.9 020.0 020.0 020.0 020.0 020.1 020.0 020.0 020.0 019.9 020.1 020.1 020.0 020.0 019.8 019.9 020.0 020.0 020.0 020.0 019.9 020.0 020.0 020.0 020.0 019.9 019.9 020.0 020.0 019.9 019.9 020.1 020.0 020.1 020.1 019.9 020.0 020.0 019.9 020.0 020.0 020.0 019.9 020.0 020.1 020.0 019.9 020.0 019.9 020.0 020.0 020.0 020.0 020.0 020.1 020.0 019.9 019.9 020.0 019.9 020.1 020.0 020.0 019.9 019.9 019.9 020.0 020.0 019.9 020.0 020.0 020.0 019.9 020.0 019.9 020.0 020.0 020.1 
045.0 218.3 020.0 020.0 019.9 020.0 019.9 020.1 019.9 019.9 020.2 020.0 019.9 020.0 020.0 020.0 020.0 019.9 020.0 020.0 020.1 020.0 020.1 020.1 019.8 020.0 020.0 020.1 019.9 020.0 019.9 019.9 020.1 020.0 019.9 020.0 020.0 020.1 020.0 019.9 020.1 020.1 020.0 020.0 020.0 020.0 019.9 020.0 020.1 020.0 020.0 020.0 019.9 020.1 020.1 020.0 019.8 019.9 020.0 020.0 019.9 020.0 020.0 019.9 020.0 019.9 020.0 019.9 019.9 019.9 020.0 019.9 019.9 019.9 019.9 020.0 019.9 019.9 020.0 020.0 020.0 020.0 019.9 019.9 020.0 020.0 020.0 019.9 020.0 019.8 019.9 020.0 020.1 019.9 019.9 019.9 020.1 020.1 019.9 020.0 019.9 020.0 020.1 
044.0 218.5 019.9 019.9 020.0 019.9 019.9 020.0 019.9 020.0 020.0 020.0 019.9 020.0 020.0 020.0 020.0 020.0 019.9 020.1 019.9 020.0 020.0 020.1 020.1 020.1 020.0 020.0 019.9 019.9 020.0 019.9 020.0 019.9 020.0 020.0 020.1 019.9 019.9 020.0 019.9 020.1 020.1 020.0 020.0 020.0 019.9 019.9 020.0 020.1 019.9 020.0 020.0 019.9 020.1 020.1 020.0 019.9 020.0 020.1 019.9 020.1 020.0 020.1 020.1 020.0 020.0 019.9 020.0 020.2 020.1 020.0 020.0 020.1 019.9 020.0 019.9 020.1 020.0 020.1 020.0 020.1 019.9 020.1 020.1 020.1 020.1 019.9 020.0 020.0 020.1 020.1 020.0 020.0 020.1 020.1 020.0 020.0 020.0 019.9 019.9 020.0 020.1 
043.0 218.7 020.1 020.1 020.0 020.0 020.0 019.9 020.0 019.9 019.9 020.1 020.1 020.0 020.0 020.0 020.0 019.9 020.0 020.1 020.0 020.1 020.1 020.0 020.0 020.0 020.1 020.1 020.0 020.1 020.0 020.1 020.0 019.9 019.9 020.0 020.0 020.1 020.0 020.0 020.0 020.0 019.9 020.1 020.0 020.0 020.1 020.0 020.0 020.0 020.0 020.0 020.0 019.9 019.9 020.0 020.0 019.9 020.0 020.1 020.0 020.1 020.0 020.1 020.0 019.9 020.1 020.1 020.0 020.1 020.0 020.0 020.0 019.9 020.0 020.1 020.0 020.0 020.0 020.0 019.9 020.0 019.9 019.9 020.0 020.0 020.1 020.0 020.1 020.0 019.9 020.1 020.0 020.0 020.0 019.9 019.9 020.0 020.0 019.9 020.0 020.0 020.0 
042.0 218.9 020.2 019.9 020.0 020.0 020.1 020.0 020.0 020.0 020.0 020.1 020.0 020.1 020.0 019.9 019.9 020.0 020.0 020.1 019.9 020.0 020.0 020.0 019.9 020.0 020.0 019.9 020.2 020.0 020.0 020.0 020.0 019.9 020.0 020.1 020.1 020.1 020.0 020.1 020.0 019.9 020.0 020.0 020.0 020.1 020.0 020.1 020.0 020.0 020.0 020.0 020.0 020.1 019.9 019.9 020.0 019.9 020.0 020.0 019.9 020.0 019.9 020.0 020.0 019.9 020.0 020.1 019.9 020.0 020.0 020.0 020.0 020.1 020.1 020.0 020.0 019.9 019.9 019.9 019.9 020.0 020.2 020.0 019.9 020.0 020.0 020.0 020.1 020.0 019.9 019.9 020.0 020.1 020.0 020.0 019.9 020.1 020.0 020.0 019.9 020.0 019.9 
041.0 219.1 020.1 020.0 020.1 020.2 020.0 020.1 020.1 020.1 020.0 020.0 020.0 020.1 020.1 020.0 019.9 020.0 020.0 020.1 020.1 020.0 019.9 020.0 020.1 020.0 020.1 020.0 020.0 020.0 020.0 020.2 020.1 020.0 020.1 020.1 020.0 020.0 020.0 020.0 020.1 020.0 020.2 020.0 020.0 020.2 020.0 020.0 020.0 020.0 020.1 020.1 020.1 020.0 020.0 020.1 020.0 020.0 020.0 020.2 020.0 020.0 020.1 020.0 020.0 020.0 020.0 020.0 020.0 020.0 020.1 020.0 020.1 020.1 020.1 020.1 020.2 020.0 020.0 020.0 020.0 020.0 020.0 020.0 020.1 020.0 019.9 020.1 020.1 019.9 020.0 020.0 020.1 020.0 020.0 020.0 020.1 020.0 020.0 020.0 020.0 020.0 020.0 
040.0 219.2 020.1 020.0 020.0 020.1 020.1 020.2 020.1 020.0 020.0 020.1 020.1 020.0 020.1 020.0 020.0 020.3 020.1 020.1 020.0 020.1 020.1 020.0 020.1 020.0 020.1 020.1 020.0 020.1 020.1 020.1 020.1 020.0 019.9 020.1 020.0 020.1 020.2 020.0 020.0 020.2 020.1 020.0 020.0 020.0 020.1 020.0 020.0 020.1 020.0 020.0 020.1 020.0 020.2 020.0 020.0 020.1 020.0 020.1 020.1 020.0 020.1 020.0 020.2 020.1 020.1 020.0 020.1 020.0 020.0 019.9 020.0 020.0 020.1 020.1 020.0 020.1 020.0 020.1 020.0 019.9 020.0 020.1 020.0 020.1 020.0 020.0 020.0 020.0 020.1 020.0 020.1 020.0 020.0 020.0 019.9 020.1 020.1 020.1 020.0 020.1 020.1 
039.0 219.4 020.2 020.0 020.1 020.1 020.1 020.1 019.9 020.0 020.1 019.9 020.1 020.0 020.0 020.2 020.0 020.0 020.1 020.0 020.1 020.1 020.0 020.0 020.0 020.0 020.1 020.0 020.0 020.0 019.9 020.1 020.0 019.9 020.1 019.9 019.9 020.1 020.0 020.1 020.1 020.0 020.1 020.0 020.0 020.1 019.9 020.1 020.1 020.1 020.1 020.0 020.0 020.1 020.1 020.1 020.1 020.0 020.0 019.9 020.1 020.1 020.0 020.0 020.0 020.0 020.1 019.9 020.0 020.0 020.0 020.0 020.1 019.9 020.0 020.0 020.0 020.1 020.0 020.2 020.0 020.0 020.0 020.0 020.0 020.1 020.0 019.9 020.0 020.0 020.1 020.0 020.0 020.1 019.9 020.0 020.1 019.9 020.2 019.9 020.0 020.2 020.0 
038.0 219.6 019.9 020.0 020.0 020.0 020.0 020.1 020.0 020.0 020.1 020.1 020.0 020.0 019.9 020.0 020.0 020.0 020.0 020.0 020.2 020.1 020.0 020.1 020.1 020.2 020.1 020.0 020.0 020.2 020.0 020.1 020.2 020.2 020.1 020.1 020.1 020.1 020.0 020.1 020.0 020.1 020.0 020.1 020.1 020.1 020.0 020.0 020.0 020.1 020.1 020.0 020.1 020.0 020.0 020.1 020.1 020.1 020.0 020.1 020.0 020.0 020.0 020.2 020.1 020.0 020.1 020.0 020.1 020.1 020.1 020.0 020.0 020.1 020.1 020.0 020.0 020.0 020.1 020.1 020.2 020.0 020.0 020.0 020.1 020.0 020.1 020.1 020.1 020.1 020.1 020.1 020.0 020.1 020.1 020.1 020.0 020.0 020.1 020.1 020.1 020.0 020.1 
