#z N_msis p_msis T_msis z N_o p_o T_o z N_n p_n T_n
0 2.705e+19 1011.65 270.882 0 2.70377e+19 1011.66 271.007 0 2.70377e+19 0 0
1 2.40342e+19 891.194 268.571 1 2.40233e+19 891.152 268.68 1 2.40233e+19 889.958 268.32
2 2.14576e+19 783.924 264.612 2 2.14479e+19 783.872 264.714 2 2.14479e+19 782.79 264.349
3 1.92022e+19 688.056 259.531 3 1.91935e+19 688.016 259.634 3 1.91935e+19 687.03 259.261
4 1.71859e+19 602.271 253.826 4 1.71781e+19 602.259 253.936 4 1.71781e+19 601.356 253.555
5 1.53536e+19 525.575 247.937 5 1.53466e+19 525.595 248.059 5 1.53466e+19 524.77 247.67
6 1.36699e+19 457.183 242.238 6 1.36637e+19 457.237 242.376 6 1.36637e+19 456.485 241.977
7 1.2114e+19 396.445 237.035 7 1.21085e+19 396.528 237.192 7 1.21085e+19 395.847 236.785
8 1.06746e+19 342.782 232.587 8 1.06697e+19 342.888 232.764 8 1.06697e+19 342.277 232.35
9 9.34652e+18 295.655 229.114 9 9.34229e+18 295.777 229.313 9 9.34229e+18 295.235 228.892
10 8.12796e+18 254.54 226.825 10 8.12428e+18 254.671 227.045 10 8.12428e+18 254.195 226.621
11 7.02121e+18 218.916 225.83 11 7.01803e+18 219.047 226.068 11 7.01803e+18 218.634 225.642
12 6.03642e+18 188.23 225.853 12 6.03369e+18 188.35 226.1 12 6.03369e+18 187.996 225.674
13 5.17608e+18 161.894 226.541 13 5.17373e+18 162 226.792 13 5.17373e+18 161.697 226.367
14 4.43487e+18 139.331 227.553 14 4.43286e+18 139.42 227.802 14 4.43286e+18 139.162 227.38
15 3.80303e+18 119.999 228.541 15 3.80131e+18 120.072 228.784 15 3.80131e+18 119.852 228.364
16 3.26761e+18 103.411 229.221 16 3.26613e+18 103.471 229.457 16 3.26613e+18 103.282 229.038
17 2.81234e+18 89.1508 229.601 17 2.81107e+18 89.2002 229.833 17 2.81107e+18 89.0381 229.415
18 2.42328e+18 76.8737 229.768 18 2.42218e+18 76.9151 229.997 18 2.42218e+18 76.7757 229.579
19 2.08941e+18 66.2945 229.811 19 2.08846e+18 66.3297 230.037 19 2.08846e+18 66.2095 229.62
20 1.80193e+18 57.1745 229.817 20 1.80111e+18 57.2047 230.042 20 1.80111e+18 57.1011 229.626
21 1.55381e+18 49.3121 229.864 21 1.55311e+18 49.338 230.09 21 1.55311e+18 49.2487 229.673
22 1.33956e+18 42.5351 229.986 22 1.33896e+18 42.5574 230.211 22 1.33896e+18 42.4805 229.795
23 1.15456e+18 36.6951 230.202 23 1.15404e+18 36.7143 230.426 23 1.15404e+18 36.6481 230.011
24 9.94823e+17 31.6639 230.534 24 9.94372e+17 31.6803 230.758 24 9.94372e+17 31.6234 230.344
25 8.56933e+17 27.3308 231.006 25 8.56544e+17 27.3448 231.229 25 8.56544e+17 27.2959 230.815
26 7.37936e+17 23.6 231.638 26 7.37601e+17 23.6119 231.86 26 7.37601e+17 23.5699 231.448
27 6.35281e+17 20.3887 232.456 27 6.34993e+17 20.3988 232.677 27 6.34993e+17 20.3628 232.266
28 5.46761e+17 17.6254 233.484 28 5.46513e+17 17.6339 233.703 28 5.46513e+17 17.603 233.294
29 4.70464e+17 15.2481 234.75 29 4.70251e+17 15.2553 234.967 29 4.70251e+17 15.2288 234.56
30 4.04734e+17 13.2034 236.283 30 4.04551e+17 13.2094 236.497 30 4.04551e+17 13.1868 236.092
31 3.48135e+17 11.4451 238.116 31 3.47977e+17 11.45 238.325 31 3.47977e+17 11.4307 237.924
32 2.99421e+17 9.93318 240.283 32 2.99285e+17 9.93716 240.489 32 2.99285e+17 9.92072 240.091
33 2.57519e+17 8.63328 242.819 33 2.57402e+17 8.63645 243.019 33 2.57402e+17 8.62245 242.625
34 2.2156e+17 7.51549 245.687 34 2.21456e+17 7.51795 245.883 34 2.21456e+17 7.50603 245.493
35 1.90763e+17 6.55376 248.836 35 1.90669e+17 6.55561 249.029 35 1.90669e+17 6.54547 248.644
36 1.64423e+17 5.72557 252.217 36 1.64338e+17 5.72691 252.406 36 1.64338e+17 5.71827 252.026
37 1.41916e+17 5.01149 255.772 37 1.41839e+17 5.01242 255.958 37 1.41839e+17 5.00506 255.582
38 1.22695e+17 4.39486 259.439 38 1.22626e+17 4.39546 259.62 38 1.22626e+17 4.38917 259.248
39 1.06283e+17 3.86142 263.148 39 1.06222e+17 3.86175 263.321 39 1.06222e+17 3.85637 262.954
40 9.22675e+16 3.39899 266.82 40 9.22149e+16 3.39911 266.982 40 9.22149e+16 3.39449 266.618
41 8.0293e+16 2.99721 270.368 41 8.02487e+16 2.99715 270.513 41 8.02487e+16 2.99317 270.153
42 7.0055e+16 2.64723 273.697 42 7.00189e+16 2.64704 273.818 42 7.00189e+16 2.64359 273.461
43 6.12927e+16 2.34157 276.704 43 6.12647e+16 2.34125 276.792 43 6.12647e+16 2.33825 276.437
44 5.37838e+16 2.07384 279.281 44 5.37637e+16 2.0734 279.326 44 5.37637e+16 2.07078 278.972
45 4.7339e+16 1.83864 281.315 45 4.73264e+16 1.83809 281.306 45 4.73264e+16 1.83578 280.953
46 4.17937e+16 1.63137 282.721 46 4.17881e+16 1.63071 282.646 46 4.17881e+16 1.62867 282.292
47 3.69982e+16 1.44818 283.505 47 3.69981e+16 1.44743 283.358 47 3.69981e+16 1.44561 283.002
48 3.28281e+16 1.28588 283.709 48 3.28317e+16 1.28504 283.49 48 3.28317e+16 1.28341 283.132
49 2.91829e+16 1.14178 283.382 49 2.91884e+16 1.14085 283.096 49 2.91884e+16 1.13939 282.734
50 2.5981e+16 1.01363 282.578 50 2.59866e+16 1.01261 282.235 50 2.59866e+16 1.0113 281.868
51 2.3156e+16 0.899499 281.354 51 2.316e+16 0.898423 280.97 51 2.316e+16 0.897232 280.597
52 2.06534e+16 0.797774 279.772 52 2.06545e+16 0.796655 279.365 52 2.06545e+16 0.795575 278.987
53 1.84285e+16 0.707051 277.893 53 1.84257e+16 0.705911 277.487 53 1.84257e+16 0.704929 277.101
54 1.64445e+16 0.626122 275.776 54 1.64372e+16 0.624985 275.396 54 1.64372e+16 0.62409 275.002
55 1.46707e+16 0.553934 273.479 55 1.46587e+16 0.552826 273.156 55 1.46587e+16 0.552009 272.752
56 1.30821e+16 0.489567 271.051 56 1.30654e+16 0.488511 270.812 56 1.30654e+16 0.487765 270.398
57 1.1659e+16 0.432202 268.498 57 1.16383e+16 0.431221 268.366 57 1.16383e+16 0.430538 267.941
58 1.03842e+16 0.38111 265.823 58 1.03605e+16 0.38022 265.811 58 1.03605e+16 0.379594 265.373
59 9.24235e+15 0.335633 263.026 59 9.21671e+15 0.334847 263.14 59 9.21671e+15 0.334272 262.688
60 8.21967e+15 0.295184 260.109 60 8.19334e+15 0.294509 260.348 60 8.19334e+15 0.29398 259.88
61 7.30389e+15 0.259237 257.075 61 7.27799e+15 0.258674 257.429 61 7.27799e+15 0.258186 256.944
62 6.48403e+15 0.22732 253.927 62 6.45953e+15 0.226865 254.38 62 6.45953e+15 0.226414 253.875
63 5.74855e+15 0.19895 250.67 63 5.72626e+15 0.198658 251.276 63 5.72626e+15 0.198241 250.749
64 5.08923e+15 0.173769 247.307 64 5.06977e+15 0.173677 248.125 64 5.06977e+15 0.173289 247.57
65 4.49995e+15 0.151497 243.845 65 4.48374e+15 0.15158 244.86 65 4.48374e+15 0.151216 244.272
66 3.97356e+15 0.131825 240.289 66 3.96083e+15 0.132055 241.483 66 3.96083e+15 0.131711 240.854
67 3.50362e+15 0.114472 236.646 67 3.49445e+15 0.114825 237.998 67 3.49445e+15 0.114498 237.32
68 3.08439e+15 0.0991888 232.922 68 3.07871e+15 0.099639 234.41 68 3.07871e+15 0.0993258 233.674
69 2.7107e+15 0.0857503 229.124 69 2.70835e+15 0.0862743 230.724 69 2.70835e+15 0.085973 229.919
70 2.37793e+15 0.0739548 225.26 70 2.37863e+15 0.074531 226.948 70 2.37863e+15 0.0742396 226.061
71 2.08191e+15 0.0636211 221.338 71 2.08534e+15 0.0642299 223.088 71 2.08534e+15 0.0639467 222.105
72 1.81891e+15 0.0545863 217.364 72 1.82469e+15 0.0552105 219.154 72 1.82469e+15 0.0549343 218.058
73 1.58577e+15 0.0466757 213.191 73 1.59455e+15 0.0473264 214.971 73 1.59455e+15 0.0470557 213.742
74 1.3861e+15 0.0398092 208.021 74 1.39625e+15 0.0404326 209.742 74 1.39625e+15 0.0401661 208.359
75 1.21186e+15 0.0338074 202.058 75 1.223e+15 0.0343976 203.712 75 1.223e+15 0.034134 202.151
76 1.05756e+15 0.028566 195.641 76 1.06931e+15 0.0291179 197.23 76 1.06931e+15 0.0288566 195.46
77 9.19507e+14 0.0240015 189.06 77 9.31517e+14 0.0245114 190.587 77 9.31517e+14 0.024252 188.571
78 7.95302e+14 0.0200444 182.548 78 8.0725e+14 0.0205098 184.022 78 8.0725e+14 0.0202523 181.711
79 6.83439e+14 0.0166341 176.286 79 6.95043e+14 0.0170538 177.716 79 6.95043e+14 0.0167981 175.051
80 5.82974e+14 0.0137157 170.407 80 5.93996e+14 0.0140897 171.804 80 5.93996e+14 0.0138357 168.708
81 4.93275e+14 0.0112377 165.008 81 5.03531e+14 0.011567 166.383 81 5.03531e+14 0.0113148 162.756
82 4.13851e+14 0.00915116 160.158 82 4.2321e+14 0.00943776 161.521 82 4.2321e+14 0.00918736 157.236
83 3.44221e+14 0.00740953 155.908 83 3.52607e+14 0.00765613 157.266 83 3.52607e+14 0.00740742 152.157
84 2.83852e+14 0.00596849 152.296 84 2.91236e+14 0.00617828 153.652 84 2.91236e+14 0.00593113 147.506
85 2.32118e+14 0.00478647 149.356 85 2.38515e+14 0.00496294 150.709 85 2.38515e+14 0.00471716 143.246
86 1.88306e+14 0.00382497 147.123 86 1.93765e+14 0.00397176 148.465 86 1.93765e+14 0.00372714 139.321
87 1.51634e+14 0.003049 145.639 87 1.56227e+14 0.00316975 146.955 87 1.56227e+14 0.00292604 135.656
88 1.21281e+14 0.00242732 144.961 88 1.25096e+14 0.00252554 146.227 88 1.25096e+14 0.00228248 132.154
89 9.64203e+13 0.00193249 145.166 89 9.95531e+13 0.0020115 146.347 89 9.95531e+13 0.00176885 128.692
90 7.62537e+13 0.00154091 146.364 90 7.87996e+13 0.00160376 147.412 90 7.87996e+13 0.00136127 125.123
91 6.00514e+13 0.00123254 148.661 91 6.21019e+13 0.00128197 149.516 91 6.21019e+13 0.00103943 121.229
92 4.71898e+13 0.000990507 152.029 92 4.88288e+13 0.00102891 152.622 92 4.88288e+13 0.000786135 116.611
93 3.70783e+13 0.000800749 156.42 93 3.83799e+13 0.000830224 156.678 93 3.83799e+13 0.000587054 110.787
94 2.91809e+13 0.000651859 161.797 94 3.02089e+13 0.000674188 161.645 94 3.02089e+13 0.000430487 103.215
95 2.30381e+13 0.000534749 168.12 95 2.38461e+13 0.000551415 167.486 95 2.38461e+13 0.000307068 93.2681
96 1.82705e+13 0.000442276 175.331 96 1.89026e+13 0.000454493 174.149 96 1.89026e+13 0.000209378 80.2278
97 1.4573e+13 0.000368875 183.336 97 1.5065e+13 0.000377629 181.557 97 1.5065e+13 0.000131548 63.246
98 1.17044e+13 0.000310239 191.984 98 1.20849e+13 0.00031632 189.583 98 1.20849e+13 6.87079e-05 41.1793
99 9.47681e+12 0.00026304 201.037 99 9.76845e+12 0.00026704 198.001 99 9.76845e+12 1.02003e-06 0.75632
100 7.74485e+12 0.000224712 210.151 100 7.96523e+12 0.000227137 206.541 100 7.96523e+12 0 0
