 9.31323e-13 2.53115e+19 1020.33 291.971		9.31323e-13 2.53115e+19 1020.18 291.928
 1 2.27923e+19 907.161 288.279		1 2.27923e+19 907.161 288.279
 2 2.05872e+19 805.12 283.257		2 2.05872e+19 805.12 283.257
 3 1.86243e+19 712.899 277.245		3 1.86243e+19 712.899 277.245
 4 1.68509e+19 629.481 270.569		4 1.68509e+19 629.481 270.569
 5 1.52288e+19 554.065 263.519		5 1.52288e+19 554.065 263.519
 6 1.37317e+19 486.001 256.347		6 1.37317e+19 486.001 256.347
 7 1.23419e+19 424.739 249.263		7 1.23419e+19 424.739 249.263
 8 1.10482e+19 369.801 242.434		8 1.10482e+19 369.801 242.434
 9 9.84418e+18 320.747 235.993		9 9.84418e+18 320.747 235.993
 10 8.72645e+18 277.161 230.044		10 8.72645e+18 277.161 230.044
 11 7.693e+18 238.639 224.678		11 7.693e+18 238.639 224.678
 12 6.74168e+18 204.787 220.014		12 6.74168e+18 204.787 220.014
 13 5.87116e+18 175.22 216.161		13 5.87116e+18 175.22 216.161
 14 5.08044e+18 149.56 213.221		14 5.08044e+18 149.56 213.221
 15 4.36814e+18 127.432 211.3		15 4.36814e+18 127.432 211.3
 16 3.73317e+18 108.469 210.449		16 3.73317e+18 108.469 210.449
 17 3.17623e+18 92.3061 210.492		17 3.17623e+18 92.3061 210.492
 18 2.6947e+18 78.5793 211.21		18 2.6947e+18 78.5793 211.21
 19 2.28294e+18 66.9464 212.398		19 2.28294e+18 66.9464 212.398
 20 1.93383e+18 57.0959 213.848		20 1.93383e+18 57.0959 213.848
 21 1.63944e+18 48.7514 215.382		21 1.63944e+18 48.7514 215.382
 22 1.39124e+18 41.676 216.971		22 1.39124e+18 41.676 216.971
 23 1.18178e+18 35.6708 218.622		23 1.18178e+18 35.6708 218.622
 24 1.00484e+18 30.5689 220.343		24 1.00484e+18 30.5689 220.343
 25 8.55236e+17 26.2301 222.142		25 8.55236e+17 26.2301 222.142
 26 7.28624e+17 22.5367 224.029		26 7.28624e+17 22.5367 224.029
 27 6.21373e+17 19.3896 226.012		27 6.21373e+17 19.3896 226.012
 28 5.30441e+17 16.7052 228.103		28 5.30441e+17 16.7052 228.103
 29 4.53276e+17 14.4132 230.311		29 4.53276e+17 14.4132 230.311
 30 3.87734e+17 12.4543 232.65		30 3.87734e+17 12.4543 232.65
 31 3.32014e+17 10.7783 235.132		31 3.32014e+17 10.7783 235.132
 32 2.84604e+17 9.34292 237.771		32 2.84604e+17 9.34292 237.771
 33 2.44224e+17 8.11222 240.585		33 2.44224e+17 8.11222 240.585
 34 2.09812e+17 7.0559 243.578		34 2.09812e+17 7.0559 243.578
 35 1.80496e+17 6.14811 246.713		35 1.80496e+17 6.14811 246.713
 36 1.55524e+17 5.36681 249.94		36 1.55524e+17 5.36681 249.94
 37 1.34249e+17 4.69324 253.209		37 1.34249e+17 4.69324 253.209
 38 1.16116e+17 4.11143 256.459		38 1.16116e+17 4.11143 256.459
 39 1.0065e+17 3.60784 259.626		39 1.0065e+17 3.60784 259.626
 40 8.74474e+16 3.17097 262.641		40 8.74474e+16 3.17097 262.641
 41 7.6163e+16 2.79107 265.426		41 7.6163e+16 2.79107 265.426
 42 6.65052e+16 2.45989 267.903		42 6.65052e+16 2.45989 267.903
 43 5.82261e+16 2.17042 269.987		43 5.82261e+16 2.17042 269.987
 44 5.11159e+16 1.91673 271.595		44 5.11159e+16 1.91673 271.595
 45 4.49968e+16 1.69379 272.644		45 4.49968e+16 1.69379 272.644
 46 3.97153e+16 1.49734 273.074		46 3.97153e+16 1.49734 273.074
 47 3.51332e+16 1.32381 272.913		47 3.51332e+16 1.32381 272.913
 48 3.11362e+16 1.1702 272.215		48 3.11362e+16 1.1702 272.215
 49 2.76321e+16 1.03401 271.037		49 2.76321e+16 1.03401 271.038
 50 2.45459e+16 0.913131 269.445		50 2.45459e+16 0.913131 269.445
 51 2.18168e+16 0.805749 267.501		51 2.18168e+16 0.805749 267.501
 52 1.93948e+16 0.710325 265.271		52 1.93948e+16 0.710325 265.271
 53 1.72389e+16 0.625524 262.816		53 1.72389e+16 0.625525 262.816
 54 1.53154e+16 0.55019 260.197		54 1.53154e+16 0.55019 260.197
 55 1.3596e+16 0.483305 257.47		55 1.3596e+16 0.483306 257.47
 56 1.20576e+16 0.423977 254.683		56 1.20576e+16 0.423977 254.683
 57 1.06813e+16 0.371406 251.85		57 1.06813e+16 0.371406 251.85
 58 9.45085e+15 0.324877 248.98		58 9.45085e+15 0.324877 248.98
 59 8.35155e+15 0.283746 246.082		59 8.35155e+15 0.283747 246.082
 60 7.37021e+15 0.247435 243.163		60 7.37021e+15 0.247435 243.163
 61 6.495e+15 0.215422 240.23		61 6.495e+15 0.215422 240.231
 62 5.71524e+15 0.18724 237.29		62 5.71524e+15 0.18724 237.291
 63 5.01985e+15 0.162419 234.349		63 5.01985e+15 0.16242 234.35
 64 4.40068e+15 0.140602 231.414		64 4.40068e+15 0.140602 231.414
 65 3.85144e+15 0.121498 228.488		65 3.85144e+15 0.121499 228.489
 66 3.36494e+15 0.104799 225.577		66 3.36494e+15 0.104799 225.578
 67 2.93466e+15 0.0902264 222.686		67 2.93466e+15 0.0902268 222.687
 68 2.55471e+15 0.0775333 219.818		68 2.55471e+15 0.0775338 219.82
 69 2.21977e+15 0.0664977 216.978		69 2.21977e+15 0.0664982 216.979
 70 1.92503e+15 0.0569214 214.168		70 1.92503e+15 0.0569218 214.17
 71 1.66614e+15 0.0486275 211.392		71 1.66614e+15 0.0486279 211.394
 72 1.43916e+15 0.0414586 208.652		72 1.43916e+15 0.041459 208.654
 73 1.23485e+15 0.0351104 205.939		73 1.23485e+15 0.0351108 205.942
 74 1.06277e+15 0.0298167 203.207		74 1.06277e+15 0.0298172 203.21
 75 9.12817e+14 0.0252663 200.482		75 9.12817e+14 0.0252668 200.485
 76 7.82268e+14 0.0213632 197.801		76 7.82268e+14 0.0213637 197.805
 77 6.68772e+14 0.0180232 195.196		77 6.68772e+14 0.0180236 195.2
 78 5.70284e+14 0.0151722 192.696		78 5.70284e+14 0.0151726 192.701
 79 4.85014e+14 0.0127449 190.326		79 4.85014e+14 0.0127453 190.332
 80 4.11376e+14 0.0106841 188.111		80 4.11376e+14 0.0106844 188.118
 81 3.47966e+14 0.00893917 186.07		81 3.47966e+14 0.00893954 186.078
 82 2.93531e+14 0.0074659 184.223		82 2.93531e+14 0.00746627 184.233
 83 2.46951e+14 0.00622544 182.589		83 2.46951e+14 0.00622581 182.6
 84 2.07228e+14 0.00518386 181.185		84 2.07228e+14 0.00518423 181.198
 85 1.73467e+14 0.00431163 180.029		85 1.73467e+14 0.00431199 180.044
 86 1.44873e+14 0.00358309 179.138		86 1.44873e+14 0.00358345 179.156
 87 1.20737e+14 0.00297606 178.532		87 1.20737e+14 0.00297642 178.554
 88 1.00433e+14 0.00247144 178.233		88 1.00433e+14 0.0024718 178.259
 89 8.34069e+13 0.00205281 178.264		89 8.34069e+13 0.00205317 178.295
 90 6.91713e+13 0.00170615 178.652		90 6.91713e+13 0.00170651 178.69
 91 5.7305e+13 0.00141952 179.417		91 5.7305e+13 0.00141988 179.463
 92 4.74506e+13 0.00118276 180.539		92 4.74506e+13 0.00118312 180.595
 93 3.9293e+13 0.000987282 181.988		93 3.9293e+13 0.000987646 182.055
 94 3.25555e+13 0.000825847 183.735		94 3.25555e+13 0.000826212 183.816
 95 2.69995e+13 0.000692427 185.753		95 2.69995e+13 0.000692793 185.851
 96 2.2422e+13 0.000582027 188.012		96 2.2422e+13 0.000582394 188.13
 97 1.8652e+13 0.000490525 190.482		97 1.8652e+13 0.000490893 190.625
 98 1.55465e+13 0.000414537 193.129		98 1.55465e+13 0.000414906 193.301
 99 1.2987e+13 0.000351288 195.917		99 1.2987e+13 0.000351658 196.123
 100 1.08756e+13 0.000298511 198.803		100 1.08756e+13 0.000298511 198.803

